11000110111011110101101110101010101110101011101010110100111101011111001100110100100101100111011000011100101010001000000101101100
00100011001010011001111000000000101000100101101000111100001001110101100110001101101001000100100010111011110110111110010001100111
11101001000010100101001101100101000100001100001110001110010101100010001100001101111110111001111100101000111100101100010011000111
11110010101001000001100100111010100000001011001000111100010011010111100110000110100101001111001011000010110000110100001100101010
11100110001011011111101111001101011010001110111111001110010010101001010001001010011110101111110000101111001111010100101101001001
11011111010010100111111000101001101011110101000001011010100010100111001110001111110111000001000001001110011100110010011011010011
10101101011111100011000111101011110011001101010100000001010101011001011011001101111100101111001111000011101010110101111110100000
01011101000001001000001000011111001111001100101010011011010010101011010010011110000010000000100101011110001101100100110011001011
10100100011111100000000001111001110101010110010001011100111001110010001101111001100011000110110100100011110001111011100110011010
10101001111111111000101100011010100111101010011101101110100111001001011110101000110111011000010010100001110001101101101111100110
01000011011001101011011001101010110001000000001010110000011111111100000001111100001011100010110011111111000100011111000011110100
00100110100011000000001000010101000110000111110101010100110111111011111001001110000001100010110011110101101111010110001001000011
10111101111111000100111001100000111110110000010110000100101110110001100001001110001001010111100100011100000001101010111001111011
01101101111110010001111010001101101000100101101001101100000011011010011000011011110001100100101111010101110010100011000010000000
01001101010011000101101110101010010011011010000001110101001101111110000100110001100111111010111010101101100011001001010010000111
11010100010010001010000000001010101101110000011001000010000101111110000110010011010111010111001001111111000000001010011111100110
01001001000100011010100110011101011000110100001110001100011011010001111011001100010110100101101100011001110010111101101001100010
10101111010110101111011101101100011010110111011111000011100000100110100000011100110101100110110100100111100101000010001001110101
11001100001100011111100101011100111000111110101001100101101001111001111111101011010010001101100100110101010001101000101111111010
11010001110000000001000000000011111010000000110001100000110100100001010110101110011100101100011000010101111100111001100110010100
00000011101100011000101111001010111110010011001001010011111001100010110111101100111100000101111001010011111110000010001010000101
01011001110110000000100101000001010011111110111111101000001011110001110001101101000000000010101101000110011001000011010101100100
11110100100011011101001001110110001010110010000001111110100010100110101110001000001100010010111010100111010101011111110010100011
01000100011000001001001001010011000101100010100001001110011101100000011101101100000011100011000000110011001111111011000011101101
11111010000110010001110101111110100001101100000101100000111010111010011010101000111010001111011100111100101111101111100010011000
10010110101010110110010100111001110011110110001101101100111001011001100101011000111010110001000110000111001001100101010000000101
01000011100010011000111010100000011011110111100010110010010010011010101111010110110000000110010000010101010111001101010000000111
00100111001011101001000101010111010111100010100011000010000101100011011110100101000001111011001010011100010100011010010100110000
01000000100100001111001101000110111100100011101000010001010000100001010101001001000000111110000100001101111100110111001011111101
01110011100111111001100000000100001011111011000000101100101111000011011011010000001000111110010001101100101111101010110010110101
00111100110100011011000011010010111100111111100110000010100100001110101111001000010000001110001001111011000110111111101010010111
00010101000000001110111100000110111011101000001100100001110100001101000101110010000100000001001110001100110001010000010100110100
10001000101001001010100000000100101011110001100011101111110110010101011001100111101110000010100001010010010011010000110001100000
01101110000001101000100011110001010100100000100000000110101110000010000100111110010011110100110001110000111101011000101110001011
01000101100101011001011111011010011111010101010000110100000101001100010010100100111001000100111100111111100010111001101100100011
01011001100010101110011010111100100100000111110001110100000111001000101100110011111100001010101001111010010001100001111110110100
10010011010101101100010101011111010000101000110111101111001101011011000010010011101001001110001011010100111000001011110111000100
11101111101011001110011000110100000111010111011011101100100011001110111011011110000010100001000001110101111110011011101100001010
00001011111001010111010110000100100110000000100001011011101101111011100101110100110001011001001101011011001011010100111010110001
11110111111100110100101011010011101110011110111111111111001111111011110001011010000011101011001110001000101000000010100010000000
01100100111110110001000001101101110001010101110111110100000101100101101111101011110001001010101110100111000110001010000110010011
01001001101110010111111101101011001010100101001011100001100111000001111110000111101101101011011000001110110111111100101011110000
11010110110000010111100000111010011111100010101111100011100101110010010010000100011110010101000100000010111111111001001011101110
11100111000101001011110111111101100011000010000011011000100010000001000010010111101001101001111001110110000010101000100000000100
11100100100110010011111001010001010101110110010010001101110001111110110110101110110001001100011100011100000010100001010111001110
11100000000111110100111111100010001111100001110011001111001001000101111011000110100110100000101000101101010001010001111011001110
00001101110110111011001110000110010111010111100110101001010110110110011011110111110011110111000010100010111110000110001101100110
01000011101100010010111000100101101100110011011011111110100010111110010001100100001001000011000110011100100001011010100110000001
01001101000001100001010101001101010111111110101000110000000001001010010100101011111100111011001011011010000110011001110000100010
11101001111001001100000001001001100001001111111010000110110100100010010100011001100100000010110111010101000100010101000110110110
11011101110000101001011001000011001000011100101110101111100110110101000011110100000110010011000000000101001100101011110101000000
00111010110100011101101111110100000110101001011010001001110110011111010110100111110100100101000111001100100111001011010011001111
11000000001110011111111100001110000001001010000111000000001000011000101111101110110011011000001111110010100010001110001011010100
10100101100101101000001101110111101100010011110000110101110100011110011100011000010011000110111001000010101010110101000101001111
00011100111111010011000000010000001010001110011010100010110110011010010001100010111100100010111111010010000101100110011101101011
00101000001110110111000000111010110010110101010000110010111001000011110110110001001100110010100001010000010010110110111111000011
11110000100110110110100010001000000101001011100101100011001101001110000100001010011101100111100011100110101110111110011011010101
01101111100000101100100110010110101011100110011010110001111001001010010101011100110000011011001110001001010001010001100010111101
11011110010110100100100011100111111001010010100000111100111110000111000111100001011101001000001101110010100100011110001000110100
00001010110111000001111110100010000011111100100000110000110011011011010000010001011110110101110101101001111000010111001001110101
01010011011110111111001010001000011011110111000110110000111001010100000100000101100101011010111010100101101100001000100100011111
00010101110010010011011001011101110111010101000000000011100010000001010100001101001101110111001011001100100110110101011001100101
00111011101010111000010010110101011011110010110101111001001101100001011101101001111111001101110011100101011110110011001000001101
11011101001010101000110011100100000101100000001101111010111011010000101111111111010001011011000101100101111011101111101100110000
00000011011010101000100011110001010100001111011101111110111111101000000111111100000100100010100111010010011110100100110001011010
10111111100100101110001100010001111010011000001111101100101110100011100101100001011001001110010001010100011000111011011110101100
11100111101110001000010001110011101110110000011001111001111100001111011000111111111110111000101010011000111011010111000100001001
10110110000100100010101010111000110011100001110011101100000101011000110010101010101010111011001011010001110000111010011001101011
00110111110101000100010100111101000111001011000100010101000111110010111001001010110011001010011000100011010011001011100101110010
01100111100100001100000110111010111110111100100110100010101000110111000011001111010110110110111001011101111111010010010110100001
11011100000110111000010101011111101010010011111011010111100011111011010110000100100101110010100001010111001110110011000001011100
11000100010010011001110010010110001010010001011111100100101011110111010000001011100000101001010001001001111110100101101110001111
00110110011110001111110111000010110110101001000011001001011100101001000110100011110100111111011000010100011000000110101000101110
00100111011111000001110111101100001101001101100111001010100011000001101100111000010001110001110100010001010001010100000010000011
01110111111011011000011001010110111100100101000101000101111001111011100000000110000011010100111101111101000111101110110101010110
00100111101100010110010011101010100001001111101000110001100100111101110100111100100111100101001110000000110111110000000100100000
01111011010011101011110010001011100010110100110101111010011000001110011001011101011000111001001011010011000000110101001001111011
00111100010111010100001001110111101000101101101010000010101111010010000111011111011101011111000101111001111011001011101111011011
01011010000101001011011100011100101110001000111000011010100011111011101010010000011000110100111010100111011001000101110011011010
01110110001000001110010001001110001000100100001101000001001010010110110000100000000010100111000010010010000111101101000101111010
10101110000110010101010101011110010111000001111001001001001001011000011000111101100010011110010110010101000100001110011001001110
01001010000001001000011100100001110000101011011111011010110100100011010100010010111111110111110010111000000110110000110111100110
01001001000110110100101011110011100110000110010101000010000111000001010001000010000101011101000010001000101001110111110110111100
10000111101101101100100101101111011011010010010101101110011001111110111111011001101111111001100001110011100000000000010101000100
11011100111001001111011000001011110100111100101100101000001010010000011010101111011110001001011000101010001001010010110110000110
11010001011011001001111111111110100101001011110011011100001110010000001111111001110100100111100001101011011010010011010010111000
00011000111011010110000000011111010000101101101100110000110001100100001000101010110000011000100101000011111101110011110001010010
01110000110000010100101111000010101000111000111111001110110000000000010000100101110001000110111010011100010000001110111010101001
11000011111101011001111001110111111010011011010110011110010111001000010000010110101111001000001111000101000100001101101101111110
01010010001000000100101101011101100000000100100000000110101100100101111011101100101001100001000111010111100101011101011110110100
00000001101110011000110011011110001001010100010011110000100011101100111001101001101101000010111110011110100100000010101110110100
00100111101010101100100011001011011000010001100100111110111100111001100000110001100111110011010010011001110000001100110000010010
00000011100000011010101011100000000111000111001100000101110011011100011111010101000011101000111010010000001101100001111010001011
11110010100000100001011111110110111010010001101000100100110000100100110001100000001111100101011001110000011100000110011011011101
10011010010000011110010010100011110101111011111010011000001101101111110000001111001110000010101100100110111111110001111100100001
01011000111100101011000010010110110111110111001110000001100011000000110011111111100101111010111001101011011011111010011100000010
00100111011111100001100001010010011001111001000111010100110100100001010100101001110011110101001010010010100101001101010000111000
10001001111100111111001101111110100001111100110110110111010000100111100100111011100101110101111010001010111010001111101001110000
10100000000010110100000001000100110001011000010010010001100110100101010001101110101100110110011110110001001111011001011010001111
11000101110111001111111001111011011101111110000100101011000011010110010010000000010001000000101011110001010001001101001111111111
01010100111001011110010101110101000010000010101011110001111011001100110100111101001011001101001000100100111110100101110100010001
10001011010100010011100101101110100110110101010000010011110001101101111110010100100000010010110010101101001010000100111011101111
00101110101111111110000001101111101100110111110000110101010001101001011011011111111110101011111011000000011000011111111011111000
10100100110111110110100001000001001100010010000001101001010011101101010000001100011011100110111001001111010011111100010010111101
11011001101000111101011001110111100100011001010010000011110001110100100011111111011110001100001011111101101010100010100101110000
00111110011110011110001110101110001110111000011100100110001011111100010011101010111001011110101111011110101000000100001011101111
00000011111000001100011011101101111001110101011100010100110010111111101011001110000000001101011111100001000100110100111101110010
11001010110110001110000000001110010000000111000100100001101110011111110111010000011111000110001001100111111011101110010010011001
11011001001000010110100110100100011100100001101000010010110000101010000000000000101110011101110010100110110000000011100110110011
11010110101010110110110101100110111100111010111100100101101100010100001110110011010100001100111000110111111000010110110110110011
11111100110010100010111001111011101110011011100110100000010111000101111111111010010111100011010110100101110001010111011011001100
11001100000111110010110101110001110110001010010111111110101101000100100011110110011000101101110000000101111010110111111001101011
00110000001111011100111100001100100010110111010011110010000100111001111111110000110001010001001110001100010000111000010000011011
11110111011001011100110110110010011100000101111011100110101110111111100100000011001000111000110110001011100011001011100100001101
11000110010110101100010000101011101101000000111010110000001111000111101001100110100000011111100001010101100100010101010011110000
11000101011001000110000111101001010110110010001000100011010001010101110000010010011000101011011100001111010100000111010111010011
01000111011010000111001111100110011000101010100101101010011111011011111101100101001000010000000111011001010111010000001100101011
01100011101110110010101010110001000001111000111000011111011100100111110000011010000000110100000010010011101000101010011010000100
01010000001000110000000011110101101111011011100101101101011110100000100100111111111001011011110101111011111011011011000010011001
11011110101110001110011100010101100001110110010001011010110110101000000010011101011011111111001111010011111001001111110011001011
10101001101000000101000100111111110010010100011000110010011101000101101001010001011110001011010000010010111110100000100000001111
01110010010011001010010001010111100010001001101101101110111001100101101111001110110110001111000000011000110111110001110011001100
10011001001000011010010000010111101011010111000010110001101100001001000101101011001111011000011000000011000000110000111110101010
11011101000001001010001000000010111111101010001111000011011100000101010110011111011101101000001001111011010010100010011011011110
11110011110011011001100010001100001001001010001001010110101111010100000101111100010111001010110110001100000110001001100110100011
11011000011101001010101000000001101010100001111101111001001011010011000000100000110011101110110111000111101111101010110000000111
10011010100011001110110111100111000000010000111111010101011000001000101111001011100000111100100101011011010000110000101100010100
00101111111101001000010011011000010100000001101110001111110101011000100001111010001100101011100100000101011000111111000101111011
