-128 0
-127 0
-126 0
-125 0
-124 0
-123 0
-122 0
-121 0
-120 0
-119 0
-118 0
-117 0
-116 0
-115 0
-114 0
-113 0
-112 0
-111 0
-110 0
-109 0
-108 0
-107 0
-106 0
-105 0
-104 0
-103 0
-102 0
-101 0
-100 0
-99 0
-98 0
-97 0
-96 0
-95 0
-94 0
-93 0
-92 0
-91 0
-90 0
-89 0
-88 0
-87 0
-86 0
-85 0
-84 0
-83 0
-82 0
-81 0
-80 0
-79 0
-78 0
-77 0
-76 0
-75 0
-74 0
-73 0
-72 0
-71 0
-70 0
-69 0
-68 0
-67 0
-66 0
-65 0
-64 0
-63 0
-62 0
-61 0
-60 0
-59 0
-58 0
-57 0
-56 0
-55 0
-54 0
-53 0
-52 0
-51 0
-50 0
-49 0
-48 3
-47 0
-46 0
-45 0
-44 17
-43 0
-42 0
-41 0
-40 67
-39 0
-38 0
-37 0
-36 215
-35 0
-34 0
-33 0
-32 426
-31 0
-30 0
-29 0
-28 1031
-27 0
-26 0
-25 0
-24 2352
-23 0
-22 0
-21 0
-20 4778
-19 0
-18 0
-17 0
-16 8416
-15 0
-14 0
-13 0
-12 12777
-11 0
-10 0
-9 0
-8 17316
-7 0
-6 0
-5 0
-4 21084
-3 0
-2 0
-1 0
0 22536
1 0
2 0
3 0
4 21305
5 0
6 0
7 0
8 17411
9 0
10 0
11 0
12 12925
13 0
14 0
15 0
16 8240
17 0
18 0
19 0
20 4671
21 0
22 0
23 0
24 2480
25 0
26 0
27 0
28 1148
29 0
30 0
31 0
32 447
33 0
34 0
35 0
36 167
37 0
38 0
39 0
40 68
41 0
42 0
43 0
44 33
45 0
46 0
47 0
48 15
49 0
50 0
51 0
52 10
53 0
54 0
55 0
56 10
57 0
58 0
59 0
60 9
61 0
62 0
63 0
64 7
65 0
66 0
67 0
68 6
69 0
70 0
71 0
72 3
73 0
74 0
75 0
76 1
77 0
78 0
79 0
80 8
81 0
82 0
83 0
84 0
85 0
86 0
87 0
88 8
89 0
90 0
91 0
92 0
93 0
94 0
95 0
96 3
97 0
98 0
99 0
100 0
101 0
102 0
103 0
104 3
105 0
106 0
107 0
108 0
109 0
110 0
111 0
112 3
113 0
114 0
115 0
116 0
117 0
118 0
119 0
120 1
121 0
122 0
123 0
124 0
125 0
126 0
127 0
128 0
