-1568 0
-1567 0
-1566 0
-1565 0
-1564 0
-1563 0
-1562 0
-1561 0
-1560 0
-1559 0
-1558 0
-1557 0
-1556 0
-1555 0
-1554 0
-1553 0
-1552 0
-1551 0
-1550 0
-1549 0
-1548 0
-1547 0
-1546 0
-1545 0
-1544 0
-1543 0
-1542 0
-1541 0
-1540 0
-1539 0
-1538 0
-1537 0
-1536 0
-1535 0
-1534 0
-1533 0
-1532 0
-1531 0
-1530 0
-1529 0
-1528 0
-1527 0
-1526 0
-1525 0
-1524 0
-1523 0
-1522 0
-1521 0
-1520 0
-1519 0
-1518 0
-1517 0
-1516 0
-1515 0
-1514 0
-1513 0
-1512 0
-1511 0
-1510 0
-1509 0
-1508 0
-1507 0
-1506 0
-1505 0
-1504 0
-1503 0
-1502 0
-1501 0
-1500 0
-1499 0
-1498 0
-1497 0
-1496 0
-1495 0
-1494 0
-1493 0
-1492 0
-1491 0
-1490 0
-1489 0
-1488 0
-1487 0
-1486 0
-1485 0
-1484 0
-1483 0
-1482 0
-1481 0
-1480 0
-1479 0
-1478 0
-1477 0
-1476 0
-1475 0
-1474 0
-1473 0
-1472 0
-1471 0
-1470 0
-1469 0
-1468 0
-1467 0
-1466 0
-1465 0
-1464 0
-1463 0
-1462 0
-1461 0
-1460 0
-1459 0
-1458 0
-1457 0
-1456 0
-1455 0
-1454 0
-1453 0
-1452 0
-1451 0
-1450 0
-1449 0
-1448 0
-1447 0
-1446 0
-1445 0
-1444 0
-1443 0
-1442 0
-1441 0
-1440 0
-1439 0
-1438 0
-1437 0
-1436 0
-1435 0
-1434 0
-1433 0
-1432 0
-1431 0
-1430 0
-1429 0
-1428 0
-1427 0
-1426 0
-1425 0
-1424 0
-1423 0
-1422 0
-1421 0
-1420 0
-1419 0
-1418 0
-1417 0
-1416 0
-1415 0
-1414 0
-1413 0
-1412 0
-1411 0
-1410 0
-1409 0
-1408 0
-1407 0
-1406 0
-1405 0
-1404 0
-1403 0
-1402 0
-1401 0
-1400 0
-1399 0
-1398 0
-1397 0
-1396 0
-1395 0
-1394 0
-1393 0
-1392 0
-1391 0
-1390 0
-1389 0
-1388 0
-1387 0
-1386 0
-1385 0
-1384 0
-1383 0
-1382 0
-1381 0
-1380 0
-1379 0
-1378 0
-1377 0
-1376 0
-1375 0
-1374 0
-1373 0
-1372 0
-1371 0
-1370 0
-1369 0
-1368 0
-1367 0
-1366 0
-1365 0
-1364 0
-1363 0
-1362 0
-1361 0
-1360 0
-1359 0
-1358 0
-1357 0
-1356 0
-1355 0
-1354 0
-1353 0
-1352 0
-1351 0
-1350 0
-1349 0
-1348 0
-1347 0
-1346 0
-1345 0
-1344 0
-1343 0
-1342 0
-1341 0
-1340 0
-1339 0
-1338 0
-1337 0
-1336 0
-1335 0
-1334 0
-1333 0
-1332 0
-1331 0
-1330 0
-1329 0
-1328 0
-1327 0
-1326 0
-1325 0
-1324 0
-1323 0
-1322 0
-1321 0
-1320 0
-1319 0
-1318 0
-1317 0
-1316 0
-1315 0
-1314 0
-1313 0
-1312 0
-1311 0
-1310 0
-1309 0
-1308 0
-1307 0
-1306 0
-1305 0
-1304 0
-1303 0
-1302 0
-1301 0
-1300 0
-1299 0
-1298 0
-1297 0
-1296 0
-1295 0
-1294 0
-1293 0
-1292 0
-1291 0
-1290 0
-1289 0
-1288 0
-1287 0
-1286 0
-1285 0
-1284 0
-1283 0
-1282 0
-1281 0
-1280 0
-1279 0
-1278 0
-1277 0
-1276 0
-1275 0
-1274 0
-1273 0
-1272 0
-1271 0
-1270 0
-1269 0
-1268 0
-1267 0
-1266 0
-1265 0
-1264 0
-1263 0
-1262 0
-1261 0
-1260 0
-1259 0
-1258 0
-1257 0
-1256 0
-1255 0
-1254 0
-1253 0
-1252 0
-1251 0
-1250 0
-1249 0
-1248 0
-1247 0
-1246 0
-1245 0
-1244 0
-1243 0
-1242 1
-1241 0
-1240 0
-1239 0
-1238 1
-1237 0
-1236 0
-1235 0
-1234 1
-1233 0
-1232 0
-1231 0
-1230 1
-1229 0
-1228 0
-1227 0
-1226 1
-1225 0
-1224 0
-1223 0
-1222 1
-1221 0
-1220 0
-1219 0
-1218 1
-1217 0
-1216 0
-1215 0
-1214 1
-1213 0
-1212 0
-1211 0
-1210 1
-1209 0
-1208 0
-1207 0
-1206 1
-1205 0
-1204 0
-1203 0
-1202 1
-1201 0
-1200 0
-1199 0
-1198 1
-1197 0
-1196 0
-1195 0
-1194 1
-1193 0
-1192 0
-1191 0
-1190 1
-1189 0
-1188 0
-1187 0
-1186 1
-1185 0
-1184 0
-1183 0
-1182 1
-1181 0
-1180 0
-1179 0
-1178 1
-1177 0
-1176 0
-1175 0
-1174 1
-1173 0
-1172 0
-1171 0
-1170 1
-1169 0
-1168 0
-1167 0
-1166 1
-1165 0
-1164 0
-1163 0
-1162 1
-1161 0
-1160 0
-1159 0
-1158 1
-1157 0
-1156 0
-1155 0
-1154 1
-1153 0
-1152 0
-1151 0
-1150 1
-1149 0
-1148 0
-1147 0
-1146 1
-1145 0
-1144 0
-1143 0
-1142 1
-1141 0
-1140 0
-1139 0
-1138 1
-1137 0
-1136 0
-1135 0
-1134 1
-1133 0
-1132 0
-1131 0
-1130 1
-1129 0
-1128 0
-1127 0
-1126 1
-1125 0
-1124 0
-1123 0
-1122 1
-1121 0
-1120 0
-1119 0
-1118 1
-1117 0
-1116 0
-1115 0
-1114 1
-1113 0
-1112 0
-1111 0
-1110 1
-1109 0
-1108 0
-1107 0
-1106 1
-1105 0
-1104 0
-1103 0
-1102 1
-1101 0
-1100 0
-1099 0
-1098 1
-1097 0
-1096 0
-1095 0
-1094 1
-1093 0
-1092 0
-1091 0
-1090 1
-1089 0
-1088 0
-1087 0
-1086 1
-1085 0
-1084 0
-1083 0
-1082 1
-1081 0
-1080 0
-1079 0
-1078 1
-1077 0
-1076 0
-1075 0
-1074 1
-1073 0
-1072 0
-1071 0
-1070 1
-1069 0
-1068 0
-1067 0
-1066 1
-1065 0
-1064 0
-1063 0
-1062 1
-1061 0
-1060 0
-1059 0
-1058 1
-1057 0
-1056 0
-1055 0
-1054 1
-1053 0
-1052 0
-1051 0
-1050 1
-1049 0
-1048 0
-1047 0
-1046 1
-1045 0
-1044 0
-1043 0
-1042 1
-1041 0
-1040 0
-1039 0
-1038 1
-1037 0
-1036 0
-1035 0
-1034 1
-1033 0
-1032 0
-1031 0
-1030 1
-1029 0
-1028 0
-1027 0
-1026 1
-1025 0
-1024 0
-1023 0
-1022 1
-1021 0
-1020 0
-1019 0
-1018 1
-1017 0
-1016 0
-1015 0
-1014 1
-1013 0
-1012 0
-1011 0
-1010 1
-1009 0
-1008 0
-1007 0
-1006 1
-1005 0
-1004 0
-1003 0
-1002 1
-1001 0
-1000 0
-999 0
-998 1
-997 0
-996 0
-995 0
-994 1
-993 0
-992 0
-991 0
-990 1
-989 0
-988 0
-987 0
-986 1
-985 0
-984 0
-983 0
-982 1
-981 0
-980 0
-979 0
-978 1
-977 0
-976 0
-975 0
-974 1
-973 0
-972 0
-971 0
-970 1
-969 0
-968 0
-967 0
-966 1
-965 0
-964 0
-963 0
-962 1
-961 0
-960 0
-959 0
-958 1
-957 0
-956 0
-955 0
-954 1
-953 0
-952 0
-951 0
-950 1
-949 0
-948 0
-947 0
-946 1
-945 0
-944 0
-943 0
-942 1
-941 0
-940 0
-939 0
-938 1
-937 0
-936 0
-935 0
-934 1
-933 0
-932 0
-931 0
-930 1
-929 0
-928 0
-927 0
-926 1
-925 0
-924 0
-923 0
-922 1
-921 0
-920 0
-919 0
-918 1
-917 0
-916 0
-915 0
-914 1
-913 0
-912 0
-911 0
-910 1
-909 0
-908 0
-907 0
-906 1
-905 0
-904 0
-903 0
-902 1
-901 0
-900 0
-899 0
-898 1
-897 0
-896 0
-895 0
-894 1
-893 0
-892 0
-891 0
-890 1
-889 0
-888 0
-887 0
-886 1
-885 0
-884 0
-883 0
-882 1
-881 0
-880 0
-879 0
-878 1
-877 0
-876 0
-875 0
-874 1
-873 0
-872 0
-871 0
-870 1
-869 0
-868 0
-867 0
-866 1
-865 0
-864 0
-863 0
-862 1
-861 0
-860 0
-859 0
-858 1
-857 0
-856 0
-855 0
-854 1
-853 0
-852 0
-851 0
-850 1
-849 0
-848 0
-847 0
-846 1
-845 0
-844 0
-843 0
-842 1
-841 0
-840 0
-839 0
-838 1
-837 0
-836 0
-835 0
-834 1
-833 0
-832 0
-831 0
-830 1
-829 0
-828 0
-827 0
-826 1
-825 0
-824 0
-823 0
-822 1
-821 0
-820 0
-819 0
-818 1
-817 0
-816 0
-815 0
-814 1
-813 0
-812 0
-811 0
-810 1
-809 0
-808 0
-807 0
-806 1
-805 0
-804 0
-803 0
-802 1
-801 0
-800 0
-799 0
-798 1
-797 0
-796 0
-795 0
-794 1
-793 0
-792 0
-791 0
-790 1
-789 0
-788 0
-787 0
-786 1
-785 0
-784 0
-783 0
-782 1
-781 0
-780 0
-779 0
-778 1
-777 0
-776 0
-775 0
-774 1
-773 0
-772 0
-771 0
-770 1
-769 0
-768 0
-767 0
-766 1
-765 0
-764 0
-763 0
-762 1
-761 0
-760 0
-759 0
-758 1
-757 0
-756 0
-755 0
-754 1
-753 0
-752 0
-751 0
-750 1
-749 0
-748 0
-747 0
-746 1
-745 0
-744 0
-743 0
-742 1
-741 0
-740 0
-739 0
-738 1
-737 0
-736 0
-735 0
-734 1
-733 0
-732 0
-731 0
-730 1
-729 0
-728 0
-727 0
-726 1
-725 0
-724 0
-723 0
-722 1
-721 0
-720 0
-719 0
-718 1
-717 0
-716 0
-715 0
-714 1
-713 0
-712 0
-711 0
-710 1
-709 0
-708 0
-707 0
-706 1
-705 0
-704 0
-703 0
-702 1
-701 0
-700 0
-699 0
-698 1
-697 0
-696 0
-695 0
-694 1
-693 0
-692 0
-691 0
-690 1
-689 0
-688 0
-687 0
-686 1
-685 0
-684 0
-683 0
-682 1
-681 0
-680 0
-679 0
-678 1
-677 0
-676 0
-675 0
-674 1
-673 0
-672 0
-671 0
-670 1
-669 0
-668 0
-667 0
-666 1
-665 0
-664 0
-663 0
-662 1
-661 0
-660 0
-659 0
-658 1
-657 0
-656 0
-655 0
-654 1
-653 0
-652 0
-651 0
-650 1
-649 0
-648 0
-647 0
-646 1
-645 0
-644 0
-643 0
-642 1
-641 0
-640 0
-639 0
-638 1
-637 0
-636 0
-635 0
-634 1
-633 0
-632 0
-631 0
-630 1
-629 0
-628 0
-627 0
-626 1
-625 0
-624 0
-623 0
-622 1
-621 0
-620 0
-619 0
-618 1
-617 0
-616 0
-615 0
-614 1
-613 0
-612 0
-611 0
-610 1
-609 0
-608 0
-607 0
-606 1
-605 0
-604 0
-603 0
-602 1
-601 0
-600 0
-599 0
-598 1
-597 0
-596 0
-595 0
-594 1
-593 0
-592 0
-591 0
-590 1
-589 0
-588 0
-587 0
-586 1
-585 0
-584 0
-583 0
-582 1
-581 0
-580 0
-579 0
-578 1
-577 0
-576 0
-575 0
-574 1
-573 0
-572 0
-571 0
-570 1
-569 0
-568 0
-567 0
-566 1
-565 0
-564 0
-563 0
-562 1
-561 0
-560 0
-559 0
-558 1
-557 0
-556 0
-555 0
-554 1
-553 0
-552 0
-551 0
-550 1
-549 0
-548 0
-547 0
-546 1
-545 0
-544 0
-543 0
-542 1
-541 0
-540 0
-539 0
-538 1
-537 0
-536 0
-535 0
-534 1
-533 0
-532 0
-531 0
-530 1
-529 0
-528 0
-527 0
-526 1
-525 0
-524 0
-523 0
-522 1
-521 0
-520 0
-519 0
-518 1
-517 0
-516 0
-515 0
-514 1
-513 0
-512 0
-511 0
-510 1
-509 0
-508 0
-507 0
-506 1
-505 0
-504 0
-503 0
-502 1
-501 0
-500 0
-499 0
-498 1
-497 0
-496 0
-495 0
-494 1
-493 0
-492 0
-491 0
-490 1
-489 0
-488 0
-487 0
-486 1
-485 0
-484 0
-483 0
-482 1
-481 0
-480 0
-479 0
-478 1
-477 0
-476 0
-475 0
-474 1
-473 0
-472 0
-471 0
-470 1
-469 0
-468 0
-467 0
-466 1
-465 0
-464 0
-463 0
-462 1
-461 0
-460 0
-459 0
-458 1
-457 0
-456 0
-455 0
-454 1
-453 0
-452 0
-451 0
-450 1
-449 0
-448 0
-447 0
-446 1
-445 0
-444 0
-443 0
-442 1
-441 0
-440 0
-439 0
-438 1
-437 0
-436 0
-435 0
-434 1
-433 0
-432 0
-431 0
-430 1
-429 0
-428 0
-427 0
-426 1
-425 0
-424 0
-423 0
-422 1
-421 0
-420 0
-419 0
-418 1
-417 0
-416 0
-415 0
-414 1
-413 0
-412 0
-411 0
-410 1
-409 0
-408 0
-407 0
-406 1
-405 0
-404 0
-403 0
-402 1
-401 0
-400 0
-399 0
-398 1
-397 0
-396 0
-395 0
-394 1
-393 0
-392 0
-391 0
-390 1
-389 0
-388 0
-387 0
-386 1
-385 0
-384 0
-383 0
-382 1
-381 0
-380 0
-379 0
-378 1
-377 0
-376 0
-375 0
-374 1
-373 0
-372 0
-371 0
-370 1
-369 0
-368 0
-367 0
-366 1
-365 0
-364 0
-363 0
-362 1
-361 0
-360 0
-359 0
-358 1
-357 0
-356 0
-355 0
-354 1
-353 0
-352 0
-351 0
-350 1
-349 0
-348 0
-347 0
-346 1
-345 0
-344 0
-343 0
-342 1
-341 0
-340 0
-339 0
-338 1
-337 0
-336 0
-335 0
-334 1
-333 0
-332 0
-331 0
-330 1
-329 0
-328 0
-327 0
-326 1
-325 0
-324 0
-323 0
-322 1
-321 0
-320 0
-319 0
-318 1
-317 0
-316 0
-315 0
-314 1
-313 0
-312 0
-311 0
-310 1
-309 0
-308 0
-307 0
-306 1
-305 0
-304 0
-303 0
-302 1
-301 0
-300 0
-299 0
-298 1
-297 0
-296 0
-295 0
-294 1
-293 0
-292 0
-291 0
-290 1
-289 0
-288 0
-287 0
-286 1
-285 0
-284 0
-283 0
-282 1
-281 0
-280 0
-279 0
-278 1
-277 0
-276 0
-275 0
-274 1
-273 0
-272 0
-271 0
-270 1
-269 0
-268 0
-267 0
-266 1
-265 0
-264 0
-263 0
-262 1
-261 0
-260 0
-259 0
-258 1
-257 0
-256 0
-255 0
-254 1
-253 0
-252 0
-251 0
-250 1
-249 0
-248 0
-247 0
-246 1
-245 0
-244 0
-243 0
-242 1
-241 0
-240 0
-239 0
-238 1
-237 0
-236 0
-235 0
-234 1
-233 0
-232 0
-231 0
-230 1
-229 0
-228 0
-227 0
-226 1
-225 0
-224 0
-223 0
-222 1
-221 0
-220 0
-219 0
-218 1
-217 0
-216 0
-215 0
-214 1
-213 0
-212 0
-211 0
-210 1
-209 0
-208 0
-207 0
-206 1
-205 0
-204 0
-203 0
-202 1
-201 0
-200 0
-199 0
-198 1
-197 0
-196 0
-195 0
-194 1
-193 0
-192 0
-191 0
-190 1
-189 0
-188 0
-187 0
-186 1
-185 0
-184 0
-183 0
-182 1
-181 0
-180 0
-179 0
-178 1
-177 0
-176 0
-175 0
-174 1
-173 0
-172 0
-171 0
-170 1
-169 0
-168 0
-167 0
-166 1
-165 0
-164 0
-163 0
-162 1
-161 0
-160 0
-159 0
-158 1
-157 0
-156 0
-155 0
-154 1
-153 0
-152 0
-151 0
-150 1
-149 0
-148 0
-147 0
-146 1
-145 0
-144 0
-143 0
-142 1
-141 0
-140 0
-139 0
-138 1
-137 0
-136 0
-135 0
-134 1
-133 0
-132 0
-131 0
-130 1
-129 0
-128 0
-127 0
-126 1
-125 0
-124 0
-123 0
-122 1
-121 0
-120 0
-119 0
-118 1
-117 0
-116 0
-115 0
-114 1
-113 0
-112 0
-111 0
-110 1
-109 0
-108 0
-107 0
-106 1
-105 0
-104 0
-103 0
-102 1
-101 0
-100 0
-99 0
-98 1
-97 0
-96 0
-95 0
-94 1
-93 0
-92 0
-91 0
-90 1
-89 0
-88 0
-87 0
-86 1
-85 0
-84 0
-83 0
-82 1
-81 0
-80 0
-79 0
-78 1
-77 0
-76 0
-75 0
-74 1
-73 0
-72 0
-71 0
-70 1
-69 0
-68 0
-67 0
-66 1
-65 0
-64 0
-63 0
-62 1
-61 0
-60 0
-59 0
-58 1
-57 0
-56 0
-55 0
-54 1
-53 0
-52 0
-51 0
-50 1
-49 0
-48 0
-47 0
-46 1
-45 0
-44 0
-43 0
-42 1
-41 0
-40 0
-39 0
-38 1
-37 0
-36 0
-35 0
-34 1
-33 0
-32 0
-31 0
-30 1
-29 0
-28 0
-27 0
-26 1
-25 0
-24 0
-23 0
-22 1
-21 0
-20 0
-19 0
-18 1
-17 0
-16 0
-15 0
-14 1
-13 0
-12 0
-11 0
-10 1
-9 0
-8 0
-7 0
-6 1
-5 0
-4 0
-3 0
-2 1
-1 0
0 0
1 0
2 1
3 0
4 0
5 0
6 1
7 0
8 0
9 0
10 1
11 0
12 0
13 0
14 1
15 0
16 0
17 0
18 1
19 0
20 0
21 0
22 1
23 0
24 0
25 0
26 1
27 0
28 0
29 0
30 1
31 0
32 0
33 0
34 1
35 0
36 0
37 0
38 1
39 0
40 0
41 0
42 1
43 0
44 0
45 0
46 1
47 0
48 0
49 0
50 1
51 0
52 0
53 0
54 1
55 0
56 0
57 0
58 1
59 0
60 0
61 0
62 1
63 0
64 0
65 0
66 1
67 0
68 0
69 0
70 1
71 0
72 0
73 0
74 1
75 0
76 0
77 0
78 1
79 0
80 0
81 0
82 1
83 0
84 0
85 0
86 1
87 0
88 0
89 0
90 1
91 0
92 0
93 0
94 1
95 0
96 0
97 0
98 1
99 0
100 0
101 0
102 1
103 0
104 0
105 0
106 1
107 0
108 0
109 0
110 1
111 0
112 0
113 0
114 1
115 0
116 0
117 0
118 1
119 0
120 0
121 0
122 1
123 0
124 0
125 0
126 1
127 0
128 0
129 0
130 1
131 0
132 0
133 0
134 1
135 0
136 0
137 0
138 1
139 0
140 0
141 0
142 1
143 0
144 0
145 0
146 1
147 0
148 0
149 0
150 1
151 0
152 0
153 0
154 1
155 0
156 0
157 0
158 1
159 0
160 0
161 0
162 1
163 0
164 0
165 0
166 1
167 0
168 0
169 0
170 1
171 0
172 0
173 0
174 1
175 0
176 0
177 0
178 1
179 0
180 0
181 0
182 1
183 0
184 0
185 0
186 1
187 0
188 0
189 0
190 1
191 0
192 0
193 0
194 1
195 0
196 0
197 0
198 1
199 0
200 0
201 0
202 1
203 0
204 0
205 0
206 1
207 0
208 0
209 0
210 1
211 0
212 0
213 0
214 1
215 0
216 0
217 0
218 1
219 0
220 0
221 0
222 1
223 0
224 0
225 0
226 1
227 0
228 0
229 0
230 1
231 0
232 0
233 0
234 1
235 0
236 0
237 0
238 1
239 0
240 0
241 0
242 1
243 0
244 0
245 0
246 1
247 0
248 0
249 0
250 1
251 0
252 0
253 0
254 1
255 0
256 0
257 0
258 1
259 0
260 0
261 0
262 1
263 0
264 0
265 0
266 1
267 0
268 0
269 0
270 1
271 0
272 0
273 0
274 1
275 0
276 0
277 0
278 1
279 0
280 0
281 0
282 1
283 0
284 0
285 0
286 1
287 0
288 0
289 0
290 1
291 0
292 0
293 0
294 1
295 0
296 0
297 0
298 1
299 0
300 0
301 0
302 1
303 0
304 0
305 0
306 1
307 0
308 0
309 0
310 1
311 0
312 0
313 0
314 1
315 0
316 0
317 0
318 1
319 0
320 0
321 0
322 1
323 0
324 0
325 0
326 1
327 0
328 0
329 0
330 1
331 0
332 0
333 0
334 1
335 0
336 0
337 0
338 1
339 0
340 0
341 0
342 1
343 0
344 0
345 0
346 1
347 0
348 0
349 0
350 1
351 0
352 0
353 0
354 1
355 0
356 0
357 0
358 1
359 0
360 0
361 0
362 1
363 0
364 0
365 0
366 1
367 0
368 0
369 0
370 1
371 0
372 0
373 0
374 1
375 0
376 0
377 0
378 1
379 0
380 0
381 0
382 1
383 0
384 0
385 0
386 1
387 0
388 0
389 0
390 1
391 0
392 0
393 0
394 1
395 0
396 0
397 0
398 1
399 0
400 0
401 0
402 1
403 0
404 0
405 0
406 1
407 0
408 0
409 0
410 1
411 0
412 0
413 0
414 1
415 0
416 0
417 0
418 1
419 0
420 0
421 0
422 1
423 0
424 0
425 0
426 1
427 0
428 0
429 0
430 1
431 0
432 0
433 0
434 1
435 0
436 0
437 0
438 1
439 0
440 0
441 0
442 1
443 0
444 0
445 0
446 1
447 0
448 0
449 0
450 1
451 0
452 0
453 0
454 1
455 0
456 0
457 0
458 1
459 0
460 0
461 0
462 1
463 0
464 0
465 0
466 1
467 0
468 0
469 0
470 1
471 0
472 0
473 0
474 1
475 0
476 0
477 0
478 1
479 0
480 0
481 0
482 1
483 0
484 0
485 0
486 1
487 0
488 0
489 0
490 1
491 0
492 0
493 0
494 1
495 0
496 0
497 0
498 1
499 0
500 0
501 0
502 1
503 0
504 0
505 0
506 1
507 0
508 0
509 0
510 1
511 0
512 0
513 0
514 1
515 0
516 0
517 0
518 1
519 0
520 0
521 0
522 1
523 0
524 0
525 0
526 1
527 0
528 0
529 0
530 1
531 0
532 0
533 0
534 1
535 0
536 0
537 0
538 1
539 0
540 0
541 0
542 1
543 0
544 0
545 0
546 1
547 0
548 0
549 0
550 1
551 0
552 0
553 0
554 1
555 0
556 0
557 0
558 1
559 0
560 0
561 0
562 1
563 0
564 0
565 0
566 1
567 0
568 0
569 0
570 1
571 0
572 0
573 0
574 1
575 0
576 0
577 0
578 1
579 0
580 0
581 0
582 1
583 0
584 0
585 0
586 1
587 0
588 0
589 0
590 1
591 0
592 0
593 0
594 1
595 0
596 0
597 0
598 1
599 0
600 0
601 0
602 1
603 0
604 0
605 0
606 1
607 0
608 0
609 0
610 1
611 0
612 0
613 0
614 1
615 0
616 0
617 0
618 1
619 0
620 0
621 0
622 1
623 0
624 0
625 0
626 1
627 0
628 0
629 0
630 1
631 0
632 0
633 0
634 1
635 0
636 0
637 0
638 1
639 0
640 0
641 0
642 1
643 0
644 0
645 0
646 1
647 0
648 0
649 0
650 1
651 0
652 0
653 0
654 1
655 0
656 0
657 0
658 1
659 0
660 0
661 0
662 1
663 0
664 0
665 0
666 1
667 0
668 0
669 0
670 1
671 0
672 0
673 0
674 1
675 0
676 0
677 0
678 1
679 0
680 0
681 0
682 1
683 0
684 0
685 0
686 1
687 0
688 0
689 0
690 1
691 0
692 0
693 0
694 1
695 0
696 0
697 0
698 1
699 0
700 0
701 0
702 1
703 0
704 0
705 0
706 1
707 0
708 0
709 0
710 1
711 0
712 0
713 0
714 1
715 0
716 0
717 0
718 1
719 0
720 0
721 0
722 1
723 0
724 0
725 0
726 1
727 0
728 0
729 0
730 1
731 0
732 0
733 0
734 1
735 0
736 0
737 0
738 1
739 0
740 0
741 0
742 1
743 0
744 0
745 0
746 1
747 0
748 0
749 0
750 1
751 0
752 0
753 0
754 1
755 0
756 0
757 0
758 1
759 0
760 0
761 0
762 1
763 0
764 0
765 0
766 1
767 0
768 0
769 0
770 1
771 0
772 0
773 0
774 1
775 0
776 0
777 0
778 1
779 0
780 0
781 0
782 1
783 0
784 0
785 0
786 1
787 0
788 0
789 0
790 1
791 0
792 0
793 0
794 1
795 0
796 0
797 0
798 1
799 0
800 0
801 0
802 1
803 0
804 0
805 0
806 1
807 0
808 0
809 0
810 1
811 0
812 0
813 0
814 1
815 0
816 0
817 0
818 1
819 0
820 0
821 0
822 1
823 0
824 0
825 0
826 1
827 0
828 0
829 0
830 1
831 0
832 0
833 0
834 1
835 0
836 0
837 0
838 1
839 0
840 0
841 0
842 1
843 0
844 0
845 0
846 1
847 0
848 0
849 0
850 1
851 0
852 0
853 0
854 1
855 0
856 0
857 0
858 1
859 0
860 0
861 0
862 1
863 0
864 0
865 0
866 1
867 0
868 0
869 0
870 1
871 0
872 0
873 0
874 1
875 0
876 0
877 0
878 1
879 0
880 0
881 0
882 1
883 0
884 0
885 0
886 1
887 0
888 0
889 0
890 1
891 0
892 0
893 0
894 1
895 0
896 0
897 0
898 1
899 0
900 0
901 0
902 1
903 0
904 0
905 0
906 1
907 0
908 0
909 0
910 1
911 0
912 0
913 0
914 1
915 0
916 0
917 0
918 1
919 0
920 0
921 0
922 1
923 0
924 0
925 0
926 1
927 0
928 0
929 0
930 1
931 0
932 0
933 0
934 1
935 0
936 0
937 0
938 1
939 0
940 0
941 0
942 1
943 0
944 0
945 0
946 1
947 0
948 0
949 0
950 1
951 0
952 0
953 0
954 1
955 0
956 0
957 0
958 1
959 0
960 0
961 0
962 1
963 0
964 0
965 0
966 1
967 0
968 0
969 0
970 1
971 0
972 0
973 0
974 1
975 0
976 0
977 0
978 1
979 0
980 0
981 0
982 1
983 0
984 0
985 0
986 1
987 0
988 0
989 0
990 1
991 0
992 0
993 0
994 1
995 0
996 0
997 0
998 1
999 0
1000 0
1001 0
1002 1
1003 0
1004 0
1005 0
1006 1
1007 0
1008 0
1009 0
1010 1
1011 0
1012 0
1013 0
1014 1
1015 0
1016 0
1017 0
1018 1
1019 0
1020 0
1021 0
1022 1
1023 0
1024 0
1025 0
1026 1
1027 0
1028 0
1029 0
1030 1
1031 0
1032 0
1033 0
1034 1
1035 0
1036 0
1037 0
1038 1
1039 0
1040 0
1041 0
1042 1
1043 0
1044 0
1045 0
1046 1
1047 0
1048 0
1049 0
1050 1
1051 0
1052 0
1053 0
1054 1
1055 0
1056 0
1057 0
1058 1
1059 0
1060 0
1061 0
1062 1
1063 0
1064 0
1065 0
1066 1
1067 0
1068 0
1069 0
1070 1
1071 0
1072 0
1073 0
1074 1
1075 0
1076 0
1077 0
1078 1
1079 0
1080 0
1081 0
1082 1
1083 0
1084 0
1085 0
1086 1
1087 0
1088 0
1089 0
1090 1
1091 0
1092 0
1093 0
1094 1
1095 0
1096 0
1097 0
1098 1
1099 0
1100 0
1101 0
1102 1
1103 0
1104 0
1105 0
1106 1
1107 0
1108 0
1109 0
1110 1
1111 0
1112 0
1113 0
1114 1
1115 0
1116 0
1117 0
1118 1
1119 0
1120 0
1121 0
1122 1
1123 0
1124 0
1125 0
1126 1
1127 0
1128 0
1129 0
1130 1
1131 0
1132 0
1133 0
1134 1
1135 0
1136 0
1137 0
1138 1
1139 0
1140 0
1141 0
1142 1
1143 0
1144 0
1145 0
1146 1
1147 0
1148 0
1149 0
1150 1
1151 0
1152 0
1153 0
1154 1
1155 0
1156 0
1157 0
1158 1
1159 0
1160 0
1161 0
1162 1
1163 0
1164 0
1165 0
1166 1
1167 0
1168 0
1169 0
1170 1
1171 0
1172 0
1173 0
1174 1
1175 0
1176 0
1177 0
1178 1
1179 0
1180 0
1181 0
1182 1
1183 0
1184 0
1185 0
1186 1
1187 0
1188 0
1189 0
1190 1
1191 0
1192 0
1193 0
1194 1
1195 0
1196 0
1197 0
1198 1
1199 0
1200 0
1201 0
1202 1
1203 0
1204 0
1205 0
1206 1
1207 0
1208 0
1209 0
1210 1
1211 0
1212 0
1213 0
1214 1
1215 0
1216 0
1217 0
1218 1
1219 0
1220 0
1221 0
1222 1
1223 0
1224 0
1225 0
1226 1
1227 0
1228 0
1229 0
1230 1
1231 0
1232 0
1233 0
1234 1
1235 0
1236 0
1237 0
1238 1
1239 0
1240 0
1241 0
1242 1
1243 0
1244 0
1245 0
1246 0
1247 0
1248 0
1249 0
1250 0
1251 0
1252 0
1253 0
1254 0
1255 0
1256 0
1257 0
1258 0
1259 0
1260 0
1261 0
1262 0
1263 0
1264 0
1265 0
1266 0
1267 0
1268 0
1269 0
1270 0
1271 0
1272 0
1273 0
1274 0
1275 0
1276 0
1277 0
1278 0
1279 0
1280 0
1281 0
1282 0
1283 0
1284 0
1285 0
1286 0
1287 0
1288 0
1289 0
1290 0
1291 0
1292 0
1293 0
1294 0
1295 0
1296 0
1297 0
1298 0
1299 0
1300 0
1301 0
1302 0
1303 0
1304 0
1305 0
1306 0
1307 0
1308 0
1309 0
1310 0
1311 0
1312 0
1313 0
1314 0
1315 0
1316 0
1317 0
1318 0
1319 0
1320 0
1321 0
1322 0
1323 0
1324 0
1325 0
1326 0
1327 0
1328 0
1329 0
1330 0
1331 0
1332 0
1333 0
1334 0
1335 0
1336 0
1337 0
1338 0
1339 0
1340 0
1341 0
1342 0
1343 0
1344 0
1345 0
1346 0
1347 0
1348 0
1349 0
1350 0
1351 0
1352 0
1353 0
1354 0
1355 0
1356 0
1357 0
1358 0
1359 0
1360 0
1361 0
1362 0
1363 0
1364 0
1365 0
1366 0
1367 0
1368 0
1369 0
1370 0
1371 0
1372 0
1373 0
1374 0
1375 0
1376 0
1377 0
1378 0
1379 0
1380 0
1381 0
1382 0
1383 0
1384 0
1385 0
1386 0
1387 0
1388 0
1389 0
1390 0
1391 0
1392 0
1393 0
1394 0
1395 0
1396 0
1397 0
1398 0
1399 0
1400 0
1401 0
1402 0
1403 0
1404 0
1405 0
1406 0
1407 0
1408 0
1409 0
1410 0
1411 0
1412 0
1413 0
1414 0
1415 0
1416 0
1417 0
1418 0
1419 0
1420 0
1421 0
1422 0
1423 0
1424 0
1425 0
1426 0
1427 0
1428 0
1429 0
1430 0
1431 0
1432 0
1433 0
1434 0
1435 0
1436 0
1437 0
1438 0
1439 0
1440 0
1441 0
1442 0
1443 0
1444 0
1445 0
1446 0
1447 0
1448 0
1449 0
1450 0
1451 0
1452 0
1453 0
1454 0
1455 0
1456 0
1457 0
1458 0
1459 0
1460 0
1461 0
1462 0
1463 0
1464 0
1465 0
1466 0
1467 0
1468 0
1469 0
1470 0
1471 0
1472 0
1473 0
1474 0
1475 0
1476 0
1477 0
1478 0
1479 0
1480 0
1481 0
1482 0
1483 0
1484 0
1485 0
1486 0
1487 0
1488 0
1489 0
1490 0
1491 0
1492 0
1493 0
1494 0
1495 0
1496 0
1497 0
1498 0
1499 0
1500 0
1501 0
1502 0
1503 0
1504 0
1505 0
1506 0
1507 0
1508 0
1509 0
1510 0
1511 0
1512 0
1513 0
1514 0
1515 0
1516 0
1517 0
1518 0
1519 0
1520 0
1521 0
1522 0
1523 0
1524 0
1525 0
1526 0
1527 0
1528 0
1529 0
1530 0
1531 0
1532 0
1533 0
1534 0
1535 0
1536 0
1537 0
1538 0
1539 0
1540 0
1541 0
1542 0
1543 0
1544 0
1545 0
1546 0
1547 0
1548 0
1549 0
1550 0
1551 0
1552 0
1553 0
1554 0
1555 0
1556 0
1557 0
1558 0
1559 0
1560 0
1561 0
1562 0
1563 0
1564 0
1565 0
1566 0
1567 0
1568 0
