00010101010100010000000101001101010001010101000111010101011101000100010001010111010100001101101101010001011001111101010000010011
10101010100010111010000010001011101100101001101010001011001100110010101010011110110010101000111000100010011000101100100011111000
11101010111100111101010111011001110111110100101111000010100110010000010111000110110101000101010001110100111001000010110100011100
10111110011110101011101110101110011011001010111000001010000000111010111000000010111000101000001100011110111001011110100000101110
10010110000101011101010100010100000111010101111111010101010111000010000111110100001101011100010100011110000101011100011010110110
10000010101110001010001011100001111000001001110000111001000100001010011100100010001000001000101010101010101000101000001010101010
00010101111111000101110001000101111110011111000100000100000001011001110101011111000111111110001111010011110100001001000101011001
11001000011100000101101000101010110010011010110110111011111000110011100110100010111111110010100000101011011110101011100111001010
00111001010101010001011101010011101101011110001110000101010111010101010000010100011101110110110000000101001101000010000101011101
10101011111100111101100000001011001100011110000010110100000010011100101110101100100000111100101011111011101100011100101010100000
01010100111000110101111001111001000010011101010100000110011001010100100110000001101101111100011001110111011101110000111000101100
11101110100001111001000010000010010011001000011010101010101011011010100010001000111100100010101001101010000000111010101010111110
11100111000101000101100001000111100101110101011100111111000101000101111000111011000110110111010111100101000111110100010010110001
10101010000011001100111011111010101000001000001100001010100101100110101000111000101100001000110010000010111010101010001000000010
00011001010000011101001011010111101100011101110001100100000101000111010100010010010100000101010000000111000001010011111110010111
10101111110011110110101010101000001000001110100010101101100001000011100001000010111100001000111011101111101110101000101010000011
00000111100011010111100001010101110011011000011101110001100000000000110011110100101101010101100011110001100001000100100001010111
00001101111101001010101010111010101000101010011001110000111100111110101100011100101110111010001010110110101000101010000010111010
11111011111101110011000101001100000110111100010101100110000101010100101111000001000100011011100101000101110000010010100100010111
00101010100000101110101000100010001000101010000011111110001100100010101010011110001101110010001011101100010010100010101100100000
01100000101100001001010101001111000100000001010001110011111100011001010001110111100110010101101111101101010100011000010100010101
01101010101000000000111110101111100110011111111110100011101010010011001000000010110110110011101011101011100010101011101000010001
01011011010000010001100101010000010111100110001000011101000111010100011100000000010000010111010100101111011111110001011010011001
11111010110010101110000011011100100110001000100110001100100001011001111110011000101010011010100000100011001011011011001110101111
11100101010000000110100001000011010000100011010101000111111000111001010011010111001000011010000100001101110101011110000001000111
10100001110111110011101011001011110010101010101010101011011110101011101111000010100011101100001110101001101100111001100100110000
01101001001101011001110101000001011100100101000101011101000100000001011111010001010110010100011101001111000101000001000111110100
11101011111100001110101001101000001111101001101010111100000000110001111000000011100010000000100010001110101010000111001001101010
11010001110111001101011100100101100101110011011100100001011100110111101100010100110010000110011111000001110000000111011101101011
11000011101000100111011001101010101110001011101011111010001000110001101110111001011010101110011111100010111000101101110010001001
11010001011101110011001001011101111000011101100000011001001000000101110111110000010101011111110100011110110001001101000001011001
11100010100000100010101111101000101111101110010000001000110011101010111111011000100000001000111000001100100001000010001010000000
10110001000111010101110100000000100111000001011101000000100000010100000111011111001100010111110111001101000101010000110100010101
11101011110010011000001000001000111111000001000011111000101000001010100010000010001001100010101010001100111011101010100001000000
01110001010001000000010101010101011100011101001100011101011101001000011111011101000101000110011101111000000110010111010101110000
10001010011010101011110100111001000011111110101010000111101100111010001101001010000010101000001111111111101100100100001000101000
11000000011111000101010000000001011111010100010100010111110111010001011010000000010011010101111001101111000101010001010101000101
00110110110000011010111010111010110000001101001110101011101001001011111010101010111110000111010010110110000010000011010011100110
01011101110011001100111110100010000100010111110001010010010101011101000111100001110111110100001101110000010001000100111011011101
10111001110000110010101111001011101100111010110011001000001110001010001000101101100001001110101110101100100011100100111010000110
01000101010101100101111111011001000101010010110111010011011000011011011111000001010111110100100101110111100010001111110101000011
11000000110011101001001100101011001100001000011001001010100011111000101000100110000000001101110010101110101010101010101011000010
01010100001100011010011111000111000010001111011100010001010101000011010001001100010000001000110001000101010001100100110110011100
11101001001000101010001111111010111010111101000010011010001000101110000100100010001001100011100010100011100011101011101000101110
11100111000001100110011111110111011001111100011000001011000100000111000110110111110001010100011001010101101011010101010101000000
10011010001100000010001000101100101011110011111011110000001000111000001010011000000011101000100000110000101010001110101110110011
01011100000111110111000001101011110001010001110001010001100111000101010011111101011110001001101100010100010100011111000101110111
10011010101000101010101010101010101111101010001010001000100000101011010010001010101110101010001001100011110010001010001010001001
10100100000111010011010011000110000110101101010101100101000100011111111000011111110000111100110101110101100101010000000111100101
11100001100010000111001110011011101100010000010010100001101011101110111001100010110011101000111111001110101010000000101000110010
01110101110101010111110101100111010101011100100001110101110110110000011100110100110111111101101101000010110010000010001110110000
10100010110111001010001000100000000011000100001011011010100000100010100000110011101001111000001011001010101011101110001010001010
11010101110111110011110100010111111111100000011101010001100101111011011101010001000001110000010011000100011001100001110100010101
11101000100010000011001110110110101110011110100010011110011010110111001000001010101000001010000011101011001011000001100111100000
10100000011001010111000010110010110100111000111100111011101000010111010101010010100101000111110110000101100001101101111011000001
10100010101000111000101010101010101010110000111010011011001011011111101010101010111000100011111110100010100000001110001110101111
01111100110001010010111100010100111001001101110010010111000011111111100100000101110001011011000101011111010110110001001001011101
00000010011110100010010001100010100100111101111011001111100010001010110001101010100010000000000011110101111110110010101101110110
01010001010110010100100101010101111101010000011111010110010000010010010100010001011100000100010000010101100101011101011101001100
01100011000110101000101110001111101010100010100000000100011011101010101110111011000000101010001010001011000010110111111010100010
01111100010110011111000001010111011011101110111111010100110101000000000111000001000101011000110011110011000101010100010101000101
00001000110010000010100011001010001111111010100111001111001000001000001001101010001010101010101000111010101100001110001110110000
01010101100101000101010100110011011101010001010001010111110101110000010000000111100101011100000111111111000100010010010111100111
10100001110010100001010010101111001001101001101100001111000011101010000000100110100001111010000010100110100000001000010110001000
00000011001100010010010101011011010111001101111100010111011001011101010111110110010000000001000111010011101101000010010001000100
10100110001010001010100000001000111111110010110000001010111111111111100000110010101011100010101000001110101001111011101010100010
01110001001010111101111101110100010001110101010101011110101100010011010001000101111101011101011001110001000001010011001100111001
11101011000011100100101010101010110000111111100011101011101100001011011010001000000000011011011110001010001011010011101100101111
11001001110011011001100111101101110101110100000011000001010101010111110000000110110000000001011101110000001000000100000101000111
10101010101011100011100110000001111111010010101000000110000011111110110100101010000000100010001001111010101010100000000110110110
00110111001111010111010111000101010110110010000100000101010100110100110101000101010101100101010101010001100100100100010100010110
10010100001011110111110110110101001111100001011110100010110010010011001000000010101001101110011100111011100110101110110011001011
11010111010001110111011000100011010001000100010110010001011101110101000011000100010011010101110010011001110101000000000101010111
01011100111000101100111000111010111101111010101000100111011001100100001110010010010110110110100001100110101111111110011010100100
11111110010000010001110101010110000101110101110111000101011000110100110100010101011100111110110100010110010100011101001110010001
11111101100010000101100110001010110000110010101000101010001110111010101000101100101100100010001010110110000010101100101000111010
01010000010011011101000110000011000001101100101001011000010101000101010011001101000000100100011011011111111111011111010101000011
10001010111010001110001111111000100000101010101111111010011101100000000100001111111010000011100010111111111001111010010010000000
11000101110011000101010011110111010101100010100110011000010101010100011101011110010100000000000000010101000100110000010110000010
10001000101011101000101010100010000011001010100110011000101000100110011000111110001000101011101001101010100010100110001000000000
00110011000111011100110100010000011001110101000111001111000101001100011100000100011110010001100001110011000001000111011111000111
10001110010110101110001111110000110000100111101010001000011000101010100000001110100000001010101011100011101001001011001110001010
01000000010001011111110100000111011101100100000000000101000000001001010100000100111111101000010101010100000110011111111011001100
00110000001001100010000110100011101110000011001010101110101000100010100111111010001110001000111011001010111010101111111000101010
01100111011101110110010100110101000000010101100101110011000101001000000110000100010100000001100001100001000001111001010101000101
11101010000010100110100011100000101001111010000010101011101101101011001110001000011010101110101010100011000010001110001010100110
10011001010110010100001001000100110100011101010110010110000101010100001100000001000011110000000110010110010101010100010011110100
11111111100111001010101000100000000011100000000000101010111001000010110000101100000010000101111111100000101110110010010011000111
01010001010101011101000001011111100100100111110101101111011100101101000100000101000110010000010001011101110010100011000101010100
10101110110010101101001100011110101010001010000001100011100001101010111110101000100010111000101110001110100011101010001010110011
11001101111110011111111100010111010010011001010001110110101101110110010000110001100011001101100001001110011001111100011111010001
00101110111010100011001000011111001001101110101000110010111011110000100011011010011011101110011011111011100010101000101010100010
00100101010000010101010001110101010101100100100001010000000110010111000101111011111001001111000110010100011110000000000101000101
00000011001010001100000011000110101110100000100011000110001010100010001000100000101110111111100011111111100110001011111010100010
01100101000101000100010101000110010100010010000111010101000111001000001111000001000011010110000101000001110101011110010101000101
00100111100010000110001110001010100110100010101100000011101011110010001010001001101011101111101010111110110010011101001110111111
11000101001100010101011100010000000111000100010101100100110100010101011100011001000100000101001000010110011101110001000100000001
00101010001111110010011010100010111010001100101011101010011010100000010000111100111010100011101010100011101010100111100010101011
00010101010010010000010000000001110010011110010111000101010100010100110110011101101001001110000110000101010011100101010010010011
01110010111010111010000010110000110011101110000010110011111011011110111111000011011010000110111110100001000011001011001000111011
11011101000111100000110111000001111101110101100011010111010101111111000111010001000100011111010111000001001111111100111101111011
00101100111100101010101110011100111111101010001010111110110000001001110000001010100110001010011000001001001111111110111000001110
00110101010101010000010110010100000011100001010101010001111111110101111101011000011101100111010001010100011101010010000111010101
00101000001000111010100000101001001100111010111011011010000000101000111010000101100000100111101110111100100000110010101010101001
01010111000100001010011011001101000101010000000111001001110100111001100000011101000100010101011101111011010111000100010101000001
01101010111110111010101110010110100110100010001010001101110010011010111010001000101001000010101100000110101111111110101110001110
11000111010001010101000101100101010100001110110100000111010101010001000100010101111011000111010101010110001110011100010000000001
11100000001101110011001010101010001010101110101110100011101010110011101010001011101110101000011110111011000000100110111010000010
00000101011101001100000100011001010011001111100111100011000010010110000110000001110001111100110100010011010101010011010100000101
00101000111000011110000000001011100010101000101110000000001010011010101000100011110010110000101000111001100010000100011010111101
10110100010110000110010101110101000001011000001100010101010011010001000101100100011011000100101101111111000001110111010101011011
10001110110110101010101000101110100110101000001001100001101111000000100010100001000010101010110010101110011000101110111110000011
00010000000101011001110110010100110011000011010101010001011000100100111100010111011010111100110101000101101100000110000111110100
10100011101011100010101010100000101010001001111110010011100000000110101101101100001010100011110101101011101000101101000010000000
11000100010000000011011001010001100011110111001101110001000100110101001000000101010110111000010111000000000100100101010011010101
10001010101000111110101000001000100011111100111100101010111010101101001000000011100010101011111011100000100010110010010101011101
00011100000110001100010000001110000110010000010010111111110011110001010101010011010101000001111110010111010101010001101101100001
00101000101001111100111000101010111110000010000110001100110110100011100010101110000111001011100110000010110011100000101110101000
11010101111001011100011000100111000101010111011111110000110001101100000100100110010001110000011100011101101011010111010011011000
10111100101111011010000011001011101100011000011110101111110000001001101100100010000010011111101010100000001011011000101000110011
01000001001101010000110111011100010010110000001101001000010101100101011100000111010001111111010101011001100011111001100001010011
11001111101111001001111010101011111010111011101010101011111110011010001010001110101000100111000110000110101010111010101011100011
00000111000100100111010011010111110000000110000011011101101000001001111001010010010000000100111011010100000001000100000100010100
10101010001000101011000000010000001000101010111011110110100000101010000010111000010010101010101010011001111110000110100000110001
10000011111111010001101111000011010101010100010100010101001100000001001110000000010001010001110101010101110011110111110101111101
00100011101000101010101000101011101000000011111100110000000010101110100000011110110011111000100000001010100010101011110011000010
01100100000100111101110001011001000101000101010000100011011101010001000111110111011010010000011101001100011010000100000000010101
00101110111100100110101011101010101110011111111000101000111000011000000111110000001011100011011000111010111000101001010010101110
