11111111111111111111111111111111
11111111111111111111111111111111
11111111111111111111111111111111
11111111111111111111111111111111
11111111111011111111111111111111
11111111111111111111111111111111
11111111111111111111111101111111
11111111111111111111111101111111
11111111111111111111111111111111
11111111111111111111111111111111
11011111111111111111111111111111
11111111111111111111111111111111
11111111111111111111111111111111
11111111111111111111111111111111
11111011111111111111111111111111
11111111111111111111111111111111
11111111111111111111111111111111
11011111111111111111111111111111
10111111111111111111111111111111
10111111111110111111111111111111
11111111111000111111111111111111
11111111111100111111111111111111
11111111111111111111111111111111
11111111111111111111111111111111
11111111111111111111111111111111
11111111111111111111111111111111
11111111111111111111111111111111
11111111111111111111111111111111
11111111111111111111111111111111
11111111111111111111111111111111
11111111111111111111111111111111
11111111111111111111111111111111
