11000101000111101111000101101110111000010100110010010000101100111001100010100101000101000010100001000011100011111011011111101101
11101110100010111010000011001100011100111000011010011000110000110011111010111101110010101001110110111010101010111011100100000100
00101110110110111101010100111110000101101100001111110001111000011010010111101111110111110100010101101100100010110010111010111110
01111111100110011011101111010001101011111010111000001001111110110100111001010001011000010101101001000010011010011110101011001111
00010110100101100001101101101101001111010101111111001010000110101111011000110110101110100011011000000011110100011100011111110110
01001110101110101010110011010001111001001001101001100010100111110010011111110010010010111000001011100101011011011100001101101010
00111010011111000101110001011101111111111111100100000100110000100110010101000111111111001110111111010011001100101111011011011001
10100111111111001101101000110101111011111010110110101011101000000000000010100001011111110011001001100011001111001000010011000101
10110110010101011101011111011100100000011110010111000101001101100110110011011011011101111111101001101101001100111110011001100010
10100101111100110001100010010000110011011110010001000101110010101111001101101110100100100001010111000011101111110010110101011011
10110100111011111011110110000000110010011100110111100110100001100100001110101001100011101100101101101111011110010000001110001110
01101110101011110111000010011110011111101000011000011010110011001010000010100111100000111010001101101010010000111010101010111110
01100111100101001001001011000110000101110101011110011111000100100101111001100110001000000111110111010101010111110100101011100110
00100110101011110010011011111011010001101011011110001010100110010110011001110101001110110110110110010010111010101010100101010101
11000001010000100001011111010111110100011011110011111000001110101111100100010001110101101011001100000111000011010011111111000110
10110011101111001111100110101001010100110010011110110000100010110011110001100010111111001110000111101111110010110000101011111010
00000011101011101010011001010101000110100000101001101101111110000000110101110100101110110110011011110000100001000100110000001111
00110011110011001110010010111010110111010100011101100001111100111101111100011101111101111011001010111001100100101010110011000010
01110011110001110011001101001101011001000011010011110111000101110111101111000110100100011111000101011010011110101111000101101110
01101011100000101110100010110010010101010101000011111111111101000001101001000000101000000010001011110010011001011101001101001000
10000100100110000001010101011111111101001011010101111110001110111000111010001010000111101100010111111101110111111001110101101101
00011010111001100111001110101111101110000111110010110011010010011100001000001111000111001000010000101111000011011011011000010001
10111011001001110101100101010010011011111110100000011100110111011010011101101101101111100100101011101001100000110001101100011111
00011110110011101110110011110010100011001000000001001101001001011011111101111000010110100011010001011101111000111011110000100000
00000101011110000110111001011011010100010111110101000110000001001111010000010111010000000111100101001101000100111001011001011000
01011001111001100011101011111011110110000110011010111011101110010101101111011010100010110011001110011001011100000101101111111101
10011010000011100001110010100101010100011001010101011101000100011001011111001001011001000010011100111111000101111111001000001011
01001000000000101110010111101100000010010101101001111111011001111000110100111101101100010110100011010110101010000111001101101000
11110110000000100110100101100100001000001011111111101011000101110100000010110100110001111000011111001001110010100111101101101001
11100100001000100111000000110010010010011011101011111010110101000010001110111010011101001110111011101100111110011110000110010000
00110110110101111011011110011101000000011111101000111110111101100110011111111010010010111101110000111100110001111100110001000111
00000101000011100011101110000100101111110110001000001010001010001110110111000000101110001000111111001111011111110110111111110001
10010000111000100101111100111111000111001101101100101011001010111000100110011111001101110001110000101111000110100010110100000100
11001010011100001000100000011001111110000101111111111000000100000111011011000011011100001110100101001100111000011010100000110111
10001000111001000000101111000100011000011101001100111101010001000100011111010101001000100110110001111110010101010111010010001100
01000111110010111011001100001100000100111110101011011111100110111011001100101010101101010100001111110000110000111100010110101010
01011000011100000101101101110001011000010100010111100100110000111001011000111000110111010101011001100011001001001101001101100111
10111110110001101010111011000010111111001100010001011000101100001101111001011011111111000111111110111010000101010111001011011101
11011111101111001011111110011011001010011000001010100101010010111101011000000000110111001100110011101100010110000001011011100010
10111001101100111101101111000011101100111010110011110100011101101011000111101000100111001110010000100001101100101001011011100110
10100101001001001011111111000111010101110010110110001111000100011011100110010101010111110100010101111011101100000000110100000011
00111100111100001011011110110011101100001111111010001010100111111000101011010110000000000110011010101001010000100101101010011010
10101011001100010111101111000110100100011110011110101001010011000100001001001100010110000100011111001001001110000010110110011101
11101000011000110101101111111000000000111110000010100100001010111101011000101010010111100111100101011111111000011001100111001001
11101000100001110000011110011001100110111100100110110100111010010111011001111111101101110011011101111010110011010111010010000011
10000100101101110101000001100000010100110011100111110011000100111000000101011010110010010100101100111011010110001110101111111100
01011100100100110100111101101111101110010001110000110010011111100111001000011110101110100001100011010100001100011111011101110000
00011110101011001001000110101010111000100010001101101011010010101111001001111011001110101110111000000111100001101101010011001110
01000010000111110011010001110110100001100011010010000010100100011111011010000111001111001100000110001011100111010000100111101000
01011111100011000111001110011011001100111100011101011100001010101110111010100010101100010100111100010001101010101111010100101101
11001001110101010111111101101111010101111101000010010101111110110011011110110100101000000010101110110001111010111011100000000001
00000101110111001110011000101001000011001111011000111011100000100010100010110011110111110111101010111000101111010110000110001101
01011010110111110011110011101000000001011000011110101101111101111011011011110001001111110000010010100110011001111111110101010100
01101101110010001111101001000001101100000001100001000001000010110011101000001010101000110011010110101011111000010011100111101011
00100100011001010000100011000001110110110111111101100000000010110100110101010001101101100111110110000101110010011110000011110111
00101010101010111000101011001001011010110010111010100100001011011100001010101001111001011011111111100010100111001101001001011001
10111100110010110000111101100100000110111101110110101011000111111110000101000010110101100010100010001111010111110000101110101010
11111010011011010100110000011010100100111001111011110011100101111010111100110101110110010111001101101001111110111111011101111001
10101110110011101010000110100101110101010000011111011111010101101010001010001101011010100111011101100011110101011101011111000011
10100000000011000110001101001111110110100010110000001001001011100110101010100111011001101001110110011111110010110111111101100011
10111110011011111111101001011000100000001110111111011001100101001100000111011001111101011110111111111011000101010101110101000100
11111001111101000011010011010110001111111010100111010011110100110011101000000010000010101000101000111110110111011110001110111011
10001101100101001101010101001111111111011101101001010111110111101100010011001111000101111101000111111011011011010010110111110000
11011101000010101001110100110011001010000101010000001111101011101010110111110110101101111010010010101010101100110110110110011111
10110111111100011001110111010011110100111101000011100111100000111110100000110111010000000001000111010011101101011000010011000111
01000010001010010010100110001011000000111101010110110110001111111110011111111101111010011110011000011110111000111011101010100000
00010001011011000011111001111101100010001011010101101110101100010011010010111010000000011001100101001001000010011011001101110011
00001011011111011101101111001011000000100011100011111011101111001010001010010111011101010111000000001011011010010011011001100011
00101001110011100110110011100101110101100100111111000011011101010110110000100110001101001101100011111011001000110101110010001001
00101110101011100000100010010001111111000010100110111001010011111101110111001010110000110110110001111010101110011001110111001110
00110011001111010100011111000110110110111000011010100100110100110111110101001101010101100101001101010101101010010100101101010111
01110010001011110000010001101111001111100000000000000010110101100011001001111010101001111110000000110100010110010111000000011010
01010011110001110000011100101111010010000101010100010001011101111001110011100100100000000101110100010010000101001100111010100001
01011110111001101000111000110110111010001010101001100111001001100100110010000001001001110110011000011110101111100111010101010010
01111110111000010011110101010000000010000101110110000101000111110100110100010101000011111110001101101110010100011100010001100011
01111110101010011001100001001100101110100010100011011110101110111001101011101101010010100010010111001111000010101101010110111010
01010010010001011001010111110101000001111111100010011010101101110110100011000101001110111010011111000000000111011100101001000001
11011010000101011110011110000100100000110011101111111000011110011011111000011111111001110011100101110011101001111001011010110010
11000101010000110101001010000001100101101111000110011111010110010010011101011111010010011000010110011101100111110011011110101000
11110111011000010001010011010100010011001010010111111100101110100001100100111110010110100100101110001010001101100010001000101000
11110011110110100111001101010010100001110111111110111000100101011110010010111100100011101100000000001011100011010111011111111000
00001010010110101111110111111111000010100111100001010111111100101100111001010110000100001011101011000011101011111000001101000001
01110001011001111110110101101011100101000101101011000000000011011111000100011100011111101001010110101101100111001101111100110010
11000101001001100101000110101010011110110011110101101111101001111010110111111010000011111101111011110101000011011101111011000101
00000110111101101001111010110110100000100101111100110011000110000001110110001100011010000001100011110110101010000101010101011010
10011011000010110111011100100111011000001100010010101011010100000111001101110111010010111110101100110100001010010110111110010000
10100100110110010100001110100101000100011001100111000110011110110101111100010110011011110001000110010000010101000100010011001010
01100111010110011010101010100000110011100100111001011110111011100011111000101100010011000001111111100110111101111010010010001011
11010001010101011101000010111111100110100000001111010011101100001100101011111011000110110011010110100011101100111011110100111111
10101001100100101101011111111111101011111101001011100011111001101010000001001110110010111010101101110000101101110110001010111011
11111010110000000111101100010111011111111010010011111111111101110100001001110011100011001101111110110000011001100001011111011010
10010000100011011011110101100111010110001101110100111001011011110000111010011010011011101110000010000011101110110100101100000111
11011001101000101011010001001100101010000111100011011011011110001111101010111111011001001111011110101100011110001100011010110100
10011111001010010011011011110111100010100100100011101101010111111010001110100111001110111111101011000000110110110111111011101010
01111011000101011100010111010110010100010000100111101101010110100000110011010110100100110110000111010110001001100111010100001100
10101110011110010110101001111110110110101100101100011011111000000010110110001010000100000010101010111110001110000000001110111110
11001100101110010101011101100000011111001111010101100110010110100101100100011010111100101010001010110111100001001110110101010110
00101101011111111010011011011011000010011110101011110000011010010000101011011100111011010000101010101011010111011100010010110100
00011010011011101000110111111010101110101100010111011111011010010111001111101101101110111110000110001001011110000100101000001110
00111101111011000110100100000010101011101101100011000011110100011001000111110111100101100110111110111111001100001011111010111011
00011101000111101110110000110001111101110011111111100111011001111001000111010110110010011111010111000011111111111100000011111101
10100000111100100110101110011101111111100101010110111110110100101101111111001001011010011001011101011001111111101110000100101111
10001001011101001000110111010111000111100100100101001001110111110101110010011011101100010100010110110111101100100000101011111100
11010110010001101001000100101000001100111011000111000010000000101000110101100001111001010110001100111110011001001001101010000101
00000111001101001101100111100101010111010011100111010000001111111110101010011101000111001010111111111111100111000100010110101101
00011010111111111100110000110110110110100101101010010000111010010100100001011010111011111110011111001110011111101111011101001101
00111010010001010001001001110101010100111110110100100111010100111101000101101101001011001011110100110110111110011101101100100111
00001101111001111101101010110011101010001110101111010011101110110011101101101011111111100110011111011011010010100110100011100101
11100010101101000011100110000110010000101111110000011010101011010110000100010101100110000010001011110011000111100001000100100011
01001000101000011001000010001000111011101110101001011010110111011010101001100111100101000001011001011011110010011000001010111011
11000101110001111011011011010010001001011010010011000111000110011001111010111100001101000100001110011111000001110111010010011011
01011111000001010101010110010001100010101011110101110001111110001100000011110010111000101110111100001110011001101110011011111011
10010110000101010101001110001010110111000010100101001111011101101000010100000110100001011101111001101101111101000110100111001001
01101100101100100010010010110000101110001000001111000011011101100110011100010011111001010011111001100011111001110000011010101111
10001011011100000011100001000011100011001000111100010101101000111100111110101001010111011010011001011000000111101001010000111010
01111001100000111111011011011010111100000001011111011011000010100000101000000000010011001100111011101000101100111100000000111100
00011110001001111101100010011100000001011001101000011111001111010100001101010100001100100010111110110111101010110010011100000001
10101000101001111100111110111011111000000110001110101101000110000100010010101101101000111011100111000110111100001111101111101111
11011101111110011100110110000000110001010111011111111001001101000010110110101001010111110000011101011101101100110000110001011111
10110000101111111001100100001101010000011000011111101111000001100110010000101101000100011111101001101100011100111111011110110100
01001101001101011010110111010011111101110111111100110110011100001100100011101111010110011111010110100001110000011010000011010110
01110111101111001011111010010011111101111000010101010101111110011010110011011110101111100111000110000110010110001010101011100011
10100111011010000111110111111111110101000110100100010011111100001010000000010110010000001000000011010101111101111100000100010101
00110010010110011011011100011000110111101010111011110110011101101011010010111100010111010111001011011100000110010110011010100010
01001011000111100001110001001011010110100100010100011001101101101000011110000001100001010100010101010100000010000111000101101110
00101011010000101110110100100101111000110011111110111000101010101101100000011011001011111001010000010101011111001011010011110001
10101101100010111101110101010101000111011110110010001001100010101110100100010000100010010000111101011111011111100100111011010010
10100110101111100100100100001101110101000011010010110010100000100001100110110101110011100011000011001010111011110001000010110011
