01010101111100010111011110000111111000000111010001011111011111000001001011010001000011000000000001110011010111111101101100100110
11111001101100111001001000101100111010110010000010101110111000101010101010101110101100101011011010110110100010110000111100111010
10110001110101010101001101011101010011111100001101110110001101101101010110001111001001000001011101100111010001101001001100011111
11100010111010110010001110110000111001101000111000011000001010101001110000101001001001101001100110100010101010101110001010000000
01111111100110010000010111110001000100100100001011010111000100000101111101000111011001110111110101010100100000010000011101011110
00111011101010101110000011011010010011101000101000100010110010100000011100101000011000101011010001101000100000000010001000111010
01001011010100000001111001000111010001111010011000011100011001010001000000000101011101110111010001001110010111000101000001110010
00101000001010001111101001101010011010101000001011101110011110101000111100111111101000000001100010111100001000101011000011111110
00010001111111000000001101010100000111000100010000000001010011010111000101100111010101000100001000100111010101010101001101110111
10001010111010001110101001000111100001101000001010100010000010010010111001001100011111000110011011001011100011001011101000101101
01110110010100011010000110010111010101111101010010010100010001010110000001110110010000000001001011110100100111110111011101001101
00111001001111101000100010001110010111000011001010101000011110001000000100110001111100001000011010110010000010010011100011111010
01010101010111100101010111011101010000000011010101000101001000000111110101000001111101001101010101100001100110010000010001100001
11001011001110101011000101000011001010111000110010100010111011111110000000000110101110101000101110001011110011000000100110001100
01011001010110001101010111010100010110010101011000000111111000011010011101010101000011011101010001001000000100000100111001011111
11101110101111100010000100000100111010111000100111001110101110101010101000000010001110101010001011101010110111101001101000111110
11000111010101110110011001010001011000000011000001010000010111000110000101111001100111100001000101011000000101110100011100011100
11100000100001111010101011001010100010101000001000110010100110100000001010001000101010101000111000101000111000101100001001101100
10010100000111100001000010100001110000111101110001110101100010000001011011000101001110101000010100000001000111011101011111100100
11100000100000001001101111100011101111100010100000011000101100101011100010001000100100111110011010001010001101100000011001000010
01001100100100001001010010010100011001000000000110001001001101011001000111011001011100010100110111110111110111010111110011010011
00110110100000101010011010101110000010101111011011101000001010111010101000101000001010001010101111011011000001001111001100100010
10010000110101100000010001001101000100100101010001000101000010000101000001010001110011011101001101000011010101010001100100010111
10101111011111011010101010000011100011111000100110110001100011100011101110101010011110101100000100100011010011101111111000001101
01000111010001011010011101010100110110000111010100000101110101111011010100010000110011000101000110010001011110011101000101010101
00101111000111100001101000111010110011101000100010111100100001001011100010101100001010000101101111101010100010001000101011001110
01001101010100000000000100001101000011001000010011101100010011100000000011110100111101010111000000010011111111110001101101111100
00111001100011101000101000101011111110100000111000100000011000101101111011010010001101011010110111101010111010101111101110111110
00110101001111001110010100010001001110110101110110001001011000000111000101110100010011010010011101110100010000101011110111011101
10001010000011001000110010000010111010000110111100100010010011001010101000101000010011100110100000110110100000101010001100001011
00001101001101110011010000010000000011010001011001100000010111010101101101000001011000010001110011010110001100111101001111110001
00101000111000111010000010000111101011100010111100101001100010011111001100100100101011111001101000001111100100101010010000110100
01111001111100010101110100010100011000011001011100011100110000110001110111111001011111010111111111010110010100110010010101110101
11000011001000111011101101111110110010101001100010011111011010001010111010100110000010111000100011101000011110101110010010100010
01101001111000010101110101010101000110010101010111010000010000001100000110110111010000011001011001100100000111000100110111010010
01101010001010011001100010001110101001100111101001111000001011110110111100101011001010011011001110100011101000000110101000011110
11110100110111011111011011010011101010011110110101001101011111100111110110001101010100010001010110000101100000010100000000100101
10000110101000111000001011111110111110101100110010001111001010101011101010100100001010000000100010100111111011110110100010111110
01111101000001000111111001010011000100001101011110001101100110101110000011000101110010010101101100010101111100010100010011000111
00100110001000111010001110100000001010111100110010101001001010101110101111100000111000111100100010001011001111101111001000111100
01110111111101110011100111000001011101011110000100010001101100010111000101000001011111000111010101110000011000101100011111110101
10001000110110101110100001011000001010100110000100101011101110100110100011110010101000100000100111100010000010001010100010100111
11010100010001100101000111010111001001000111000010000001000000100001010010000001001100010110000101111100111001010000000101010100
10010010001110011111111010100000001110000001111011110011000010101011001000101110100100000000110000111110100010101010000011101110
11001110000101010101000101110100111110010001001101100001010100000000110100010000011101010011110101000111010100100101110100011000
00100000101000101000100010111000101010010000001000101010000111101110010110000010000011101011110010011100100111100100010110100111
00011001010000010101000110000001110101010101000101111011010001010001011100011101010000010010010001010101001101101010011111000000
10111000001000100000000000100010100000000011100000101110001000101101000000110010100110110010011000000010000010101010101010011000
01100111011000111101111001110111100111100100110100000010010001110100010001111000010100101100100110010011100000010001100100010100
10001000001000100110101000100010001010001010011100101000111110001111101010001011100000100011100001101011101011010000101110000010
11011100000110000110000100011001111100001001110001011111001101111101010110011000000100010011111100110001011101011110111100011101
11110011100110011011011010001110000010001110100000111011001011010011000011101010001000101000101010000000000010101010000110110001
01100001011111010110010101001101000101011111001100011100000100100100111111110001111001010001000111010100110111110110000011001101
00101100111101001010000110111010001100000000001011001010111011100110100011001110111011010010101110100010101001101100001011101111
01100001110101001100000111000001011011110111011101101100000111011111101011001001100101011100010110100010000001101100110100110001
00011011100000001000111000100110011000001011001110101001011100011010101111001000100101001110011011111011101110101010011110111001
01010000110111011011000000100101000111010001010100000000011111000011010001010101011111010101010101111101011100010001010111100101
00110000001010111010101010101010101010101010111010111010001011101001010010110000111010100010011110001011101111100000010110001011
01011000011000000100010111110101001001100110000101010010100001111101000100010111101101111000011101110100010000010101110100000011
10001110101010001000111010101001101010010111110110110000011010001011101110111010101110111000000011010010101111011010101110001010
11010001011111001111000001011101100100010101100101000001011011010100000100100111111101000100011111011111110001000000010111010000
10001001110010000010001011110111101110000010001101101100111000110010111100111101111010000011101010111110000010101001100010111110
01001111110011010111010101100101001111000011001101000001001101010100000001000110010001010111011100110000010100011011001110111000
01001101101111101010111100001111101000000010101010001010101110001000001001111000000100100100101000011100001010001011100110101010
01010101011111110110010101010001000011110001011001011000001110010001000110010100000100010011100001000001011101000111011101110001
00011101111110100010011110000010101101101001000000000010001110001011001000111010001011100100100010101101001010001000111010101001
01010000010101010110100110010011011111011110000100011111010100010101001111010011100110110110011100011100100101010111010000011101
00011000001100000011111100101001111010111110111110101111101100101000111110011101001010100010111010101100101110000010101001100010
11001001011101010000010101010000110000110110011100011011001101000101010011110111010110001100001100010000011101101001000101000000
10101010001011110010000000001010001000101110100111111010000010101101000011000110000010100010000011110100110011101001101001100010
11111101010101000001000100011000111101000001001101010110100100000001011000011101011000011001011101010100010101110101011100110001
00101111001000101110110000101000011000101110101010101110001110101000101110110000101100000010000000011010000100001110111011100000
00000101010110010110010001110110010000010101101110010111000011001111000011000110010100110100110101010001010101000111110011000100
10001010111110001101010110101000101100101010000101110110111011011010100010110110101010110011001001100000000010101100101010110011
01000100001101001111010111000000111100010000000101111000000111000011100010110101110101000100010000011111110101000100110010100110
11000000101010100010101100001000111111000010000011111010101001000110100011111110101110001100100000100111101010001000100010101010
01001101010000001001110001011101001100010111010101101000010101000110011101001111010100010101100100001101000111111111010000100111
10111110110010101010100000001010101110011010111001111010111010011100111110001010000010111010100110100110101000111011111010101000
01010111100100000101111111110001011101010101011111000111011101010000010100000101011011010001010101110101011000110101101111001101
00011000101010000000111010001010001010111100101010111000001111001111100010000110101010110100010110100001111111100000000011100111
11010101010111000101111000110110000001010111011101111001010101010101010100110100111000101101110000000101000100110011110100010100
10001110100111101011100010101010111001100000100010101010101001100000010001001100111011000001001011100010011000110010100011111011
10001111111111111000010001000110011001010101110111111000110100011101000101010111010011010101000101011110011001111001100110001001
10001100101011100010100010101100100100111100000000001000101010100001001111001111000010111100011000100110111010101110000000000011
00010111011001010110010110111001010101110100010000000001001011001001011000010010000100000001100110011101010000010000101101100101
00110010001100000000000011001000001010111010000010001000111000001000100010011110111101101111111110101000101010110110100011001100
11011010111110110001100000011101000001001111001111010110010111011110010101111101010101010111011000111100100111111101110001000101
11101011100110111100101100110010101101101111011011011010001010100101111000101110000010100110110010111011111100100000100000100011
00000101110001111100000100010000110010101001000101000001111000000101010001010111011110001001010100010001010001010100110100010100
11000101110110100011100001110110010010011011100000100011001111111011011010100100101100101011110110100010000010111100111111000101
01001101001100000111001100000101100011011101000111110101011101000101111111110111010100001100010000001101100010100100001001110101
01110010101110100010111100100011001010000110000010100100111100101000001000101110000110101000101100011001011101110110111000001010
00110011011111001001110101010101010101011111010100110000000101000100001111111100010101010111011101000101101111000100010001000011
00111010001110011000001111100010001010111110001010101110111000101010001010001101101100111100111001100010111011111010001010101010
00000101000101000100010101010101110101011000001101001001111101111101101000011001011001000100011000110011110000110100100001000001
01101011111110011011001010100001001000100010111101101111101110001000000010101010111100110010100000111010111010101001101010100011
10011111111000011001011100000101000011000100010001110111001100011101010100000101001101010110010101001100111011110101000001110101
10010010101110110100100000111101101010011000100011100100001110010100000101011010001000010010101101100111101011101011001011100011
00010100110101100101000101110100110001010100010101010111011111000101110000010010000101011110110101110100011111100001000101000001
11101101001010101000101001001010001010110000000011110111111000001111010010010011010001010110110010101100111000111000101000100010
00011001011110011010000100001001011111000010010110011101111000001110001001010100010110000110010000100010001011011001011101110100
01100111101111111010110000001000110000010010001010110000001010110000100000101100110110101011100110100010001011011010001000111010
01110100000110011101011100010110010101011101110100010001011100011001010101010100000100111011000100001101001001010111010111111111
11110001101001100000100010101110100011000001100010101010011000100011011011011010001011011010101110100110001000001001000010001011
01010100001101111100110100111110010010000100100100011011100110010111010011000101010101010111110010110111111101010101011111000101
11111011111110001100101001111011111000011111000010110010101010101001000110000011111110010011001010100001000011110110101011101001
00011101010111001100110100010101110000010000010101110000010000000011110100000111011101010011001001010101100101010010010011000100
00101111100010101000100010100001110111111010011100101000101011111001100111100000101111001011110011100010100010101011111010101011
00000101000011000100110001100101010111110111010100111111000100010100110111010001111011101100111000010111010100111000100001101000
00110110111010001000001101000010010110001010111011111110010101001011110010001111100010000010001000010000101110111000111000100010
10010000010101111110010001110011000101010001110100000111000111010001011100110001111000011001111100110101000011001111100111000111
11100111110010001010000010101010001001100110101010101000001110000010101010101011100110000011111001101100110011111011100011001011
01110111010001011101000011000010000000110110110001111011010000000101001101000111111001111110100001010100010001110111100100010011
10101000101110000000001010001110011110100000100011101010000110101000011000011010011000101011101100001110001010100111001000110010
00010000110100010111011011100001011110010100000010100001100111000111110101110001000000010010010101011100000000000011001101010001
10111010001010000011110001111011001000110000010011100011011010101111001000100010011000111011100111101011101010101010100010010000
10010100010011110011011101000001110001110001000111010110110101110000000101000111001001010010000011100001111100000100010010010100
11101000100011001000011100100011100011000110001000101111000010100010001010001010001111110010001011100001001100100001011010101011
01000001100101011101011111111100010111000110111110010100010000010111110101001001010011010111100000000101010100010001001100011001
10101000110000101011100011100110111010101001000110001100101011111110110110110000100010001000000010010111011111011011101010001011
00010101010100100101011101011001100101100001111001011111000000001000011110010110110100000101100001010101001101000001000001001101
10000010000010101010001010111101110010000010000010001111011011101011011010011011101111100010100010100100110001111111111010001001
10000001010000011101011100100101000111011100010100001101010101001101100001100010011011000001011100100111010101000110010101100101
00101100111000101011110101101000000010000110100010111101110001100100101010101011111010001110101000001011001011001000000111000000
01111001110001001000011111100111110101000111100111001100110001010101000000110011110111010100010001010001011101111000010001000101
01111110001011001010101010101111010011001011000111100110111101000100111110101011101110100100011010101011101001011010110000011100
01110110110101011101010111000001010101011011010111010000000110110101111100000001010101110011000001010100010010110011110101011010
01001111001110000110001101101000000000000010011000000000000110111110101000101010001110101000011010100110011110100001100100000010
