01001100110101010000111101010101011001110101010011010011010101010001001011110011100101100001010011110101000101110001010100010111
10110010010000101011101000101111100100001100100011001110000000101110001010101001101011100110000000100010001110000000111110100010
11011111000001110000000111000100010110111111000100011111100100110010110001000101011111010111010101111000110110110101000111100111
00001110100000100010101010000100001011101110101110000000100000011000100000111011100110101001001000101010101000000000101000101110
01011101000101011111100111110101010011110101110101010100011111011101011110011001110101100001001101001101011111000000011111010101
10111111110010001110001111101010001110111011110010101011011111011100011010101010101011001010100110000000111000111010111001100010
01100110110000011100110000111101111001111100000000011001110110110001010000110110010101011010010001100000001001010111000111100101
00100010110000011000111001101011011011100010010011100000100010111000000010001110100000110111100100101000001001001100101110111001
01001111010101001111011001110001000010011001110100010100110111110001000110011001100101000101010001001101000101011000110110011001
00101010000001001111111110100000101011111000111100001000100111001010111011110001100111001011110110100000111111011000110010011000
01010000011111010101011000001001000010011000000000000011010111000101110010000101011101011001011111010101000110011101101100000100
01111010100010100011101010111110011010101010111011001011001000101010000010111010111100111010111010001010000100101110101111100000
01110110011111010111101100010101010000000001001001001101000001110001010011000111100101001000111011100110011110010100000101001101
10111100111001101100011011111101101111001010101001100110101100101111011011011110100000010110111010111010111010011000111101100010
10111101110000110101010101000101010101010100001100010100001100011111111001000110010111000001111100101111010101010000010101100000
00101010011011000100001010101010101001100111101110010010101010111111111100111100100100111011101010101010100101100000101111101010
01010011010001000111000010001001100001110010110001100100110011001101111100010101110100011011011000010101010101010111000001010010
10000011101000001000100010101010110001101010111001100010011010000000001010010011111110100011111011001001011100100010111001010000
01000001000101100100000100110001110110000000001101010111010100110101000001011000110111010101111101001010010111000101011101000101
10101110001101001111101101111011001110101001000001111011111000110011101010000010000000101011111001100010100010111010010010011001
11110110010101000111001001001011000001011100011111110011100110001101010000010001011000000111010001000101001110111111011011011101
11101001000010111100101011100010111110000110101010000001111100111001111000011010011011001100111001101000001010100100101010101101
01001101111000010101011001110110010100010100100110011011111111000100011110011111000101000110101101010001010001010100010001010101
11000000111010000010001110000110110010100000001110011000101101111000100001111111111000011010100001101000100100001000001110110011
00111100000001111001110101000111000001011101000000000100010101000001001111010001010101010001000101100000010101111001100001010101
00101001000000001110101111101011100011101010001001110000001001101000101011101000100110100011001000101110000010001001101000101000
01100001000110010100000101011001011111101111000001000111110011000111000000010001000101101011110000000110011000111101101000011000
10111011000000000110100010111000100010001110111010000111111010100000101011111010011001100011111100101001101010101001101000001000
00011101110101011001000101010101010100010010110000010111110010011000011101110110011111011100100101110100100110010110011001000101
10000100001000101000001000010001011010001011001110000000111010001010111001001110010000000000101100111010101111111100100010010010
00010101100100011100011011110111010000001001001110010101001111001111011001011001000100011101100011011101001101011001010001010100
00001000100010110000101001100010100110101000111111100010100010101001111110101110100010110000001111101011000010101010001000110110
01000000111011011000010000110001100101000111010001010111011111010101110001101111010101010111010100100000010000010101011011000100
00001000101010101011100101101001100111100000000001110010101011110010101111001101001010000110010010100110111000101000111110001110
01010101110100001001011101110110000011011110010111101001100101010110100110010001001001010111010110111101010110000001110001101111
11111011110010101111000010000111101010101000010011100100101011101010110011111111101100100110111010001100111010001011100000111110
11001001110010110101010101011101000101110101010101011101000100100001010000001101000101111010010111010100110111001100010101010100
10000010001010010011001110101000101110000010000100001010000000001000001100001000000110001011001110001000011011111111101101100010
11010100100001010001011011010101100100000101101100010110010100101100001101011000001100100001000101011000000110000111011100011101
00001100001000000110111010010110101110101111111010100010100011101011110100101010101010101011001010100000111001000000001110001110
01110001111000010001010001011101010000000000000101010101001000110101011101111000001100110111000100010101000111000010010110011101
00110111111110010011101010101000101110101010110010100111101110001010001001000010000100100110001010111001001011101011100000100110
00001100000010011111111000011111000001110101010100010101010001010111011101010011110000011100000010011111110001000100110100000100
10000100111010101000000011001001100010111110001000000001001100011000001010100111101000101110100000101110101000101000000010101011
01111101000101010011010000001101110100010001010110010000010000010100010001111110011011010110001101101000110101000001010001110101
10101000000010101111100010100011111100100010100010110000000010110100111000111000111000001111101000101010001101101010000011100010
10001111001100110001101100000111110111111101111111011101010100110101001011111101000011011111000001110101111101110000110110011110
00101110111001101011000110101001010100100101101101011010101000100010111010001110101010101110001100110001111010110010001101101000
10010111110111010001010111000001011101110101001011010011010001110001110101100100010011010001011100011100011011000100000101100101
10000000011001111010001000111110001000100010111011111100100010001101001000101000001010101011000100011000110010000011100011110001
01010101000001010110000101111111100011110110010100100100000101110101011101101100001100000101000111110000110100010101111011010100
00000001101000101011111010100111000011101000000011100010001010101001100110011010111110111000001011101010110010100100010001011010
01010100000100111101011000111001011101100001011101010011000000101110100000100100010100010001110000010101011110100110011111011110
10110000001000001111001010011000101000101000101110001000101110011110101011001000101011000000100000111000101110111010101011011011
01010001011101000111010010000000011001010111000111001101010111011011010111111001010011011000011100110101110011010010010101010100
00001001101110001011111010101000101110111011001111101110100010000000101010011000110011111011110011100110101110100110100000111110
01000010011101011111001010111111011000010001110101011100011101010100100001011110010001011001110100000010010100011111000100000101
11100110111001110010000011101000100000100111101010101010011010100000100011100111001111101000101110001011011110100010001010001010
01000100110111011001010100010001000101010101011100001100011111000111010101000101011101000100001101010101100000010100110011011000
10100100101100101110101110001001100000001110111001100110100111001011101110100000101110101000000110101001101010110010111010011001
01011111011100101100001101100110011111110000010011001110111100010101011000110100100100011111000101001111010100110111010100011101
11101110011011100010001110100010111010001010111010101110010110000111101110000110100010100110101110001000100011110100100110101111
10000110111001111001010110010010110011101000000111110111010101000100100101010110110001011111110001001101100111010001100111010111
00100010101010000011100000111010001010001010001000100010100010001000100010100010101100001010101000111110100110001000110000001011
01010001011001111001110011000001010100000011000000100000010000010100000000000100110101011110010101000100010110000101110111010110
10010000000001000000111010100001000000001001101001000110111010001110101110101001110010010110101001101010001000001000111010011010
10010101010101011110010011010100010101001011000110010111110111110000010011000011110001000111000100010100010001010111110111000101
10001010000010111010001010000001100010001110001110001010000110010010000111111011111010100001111010001010011100101010100011000010
00010111010101110111000111011101111011011101111101010101000100010001110001000010010111100100110001001001110101011010011001111110
10110011101100101000001001001111100001101000101000000000000010001010101111001101001010000000101110101010001011001000100010111011
11111110011101000001010011000111010001110100011111011101010000010100110100010101010010110100000100010111010001010111010110111100
00001000010100001010001010011100111010100010001111001010001010101110100011110001001011100001100000111001100111101000001111101110
00011011000111011001011111011101110110000010010101011101011110011101000101100101000001110100010011010100110111101001110000111010
10101101100011111110101100101010110010001011000110101000110011111001101100001010100000101001000000100101101101101000101001110110
10001101000101001100101111010011110000111101010011011100010100001100000100010001000100010001011000000111110100000001010100001111
10101010000011001010000010011010000111001010001011100011101010001010011110100011001110101111101010001011100010100000001111110011
01001110001110110011010110010001111101100001101101011001011100010111011000000101110101000001100001000101010100000100111011111100
10001110101000001011110010101001110010110010101100010110011100111001000010101011110001101010110010101111110001100010000000101000
01000100011001000100111000001011111000011011101011010000011100100100001100011001010111110110010101010101010000011110000001000101
11001010001111111110101010101000100010101010001011011010101001001001001011101000001000101110101010110000011010001000100010101010
01000111111111011110100111000001010010010100010111001000111101010101010100000001010001110111111100010111000100011111110111011100
10010001111010000010000000100010100010110000000001101011110000111010000000000010100001111100111100111000101100111001111001100110
00010000111100010101001111010000010110110101000001110101010001010101010001110000010000100001110101000100001101011101100100110011
01111111001000100010001000001000100110111010100010100000001010001110010000100000001010100010100000100011111010100000111110110011
11000001000111100100010000010111000101010010110001001111110011001101011001110110111010000000110101101101011100000111100100110001
00101000100111000010010011001001101000101011111000001010010010001110101110111000111010111010110100111000101011000110001000101111
11000101010011010101000101101001010000011111111000011101010110010000111101000001111011010100101100010000010111010001000011010101
00011110010000111110111111110011111011101010000010101110100110001000100000111111000001101000111000001010111110011100100011100100
01111001000101000001011000011111010101011000000000110101110101000101100001001111000101110111110111110001010101011100010001000101
10001000001010101000000111111100101011000110101110100000001110101011001111101111111000111011100001101100011100001010000000001011
01100100110001010000000110010100000111010001111111110001010111010111010001100100110101001100000101010001001001111101010111110001
00101010110010001011101011100010011110101101101010101000100010110000011000101000101010001010101001101010101011111100100110001011
00010010001000001001001100011111000101100100100000011110000110011011010100010001000000010110110101010001100001011101110110000111
10001001001000101001001111101001101000111010101010100000001100101010001100111010000010110001100000101001101011100110000010011010
11010100010101011000010111011001010100011111011110111101010100001100011111011101111001010100000111010100010110000111010111111110
10101010000000111110100011111011100010010010001010100010010011100000111011111110101100101000110011111100100100111111000000100110
00010111000110010101011100000100110011011110010000011100010000010101001101110001000000001001010111010001111101111111000100000111
01111110101011111011001010101011100001111010110011101011010000111000111001101000111110111000001000101110000111001001000010100000
11000111100001001111111001000010100101001001100101000000000001011100110101010111010100100101001110000011000001111011000110000100
10001010101111111000101000011011100010100110001011100000101110010010101000011001101110100000101111100111101101001010000011110011
00011001011100110111001001001001100111110110011011000101100101010111110001001000110000000101110100010001010100110010000111110101
00000100101011101011001011111011111001100010010010100001111000111010011110101010100100101100000010101010001010101110011100101000
11110100000100010111110111010010010011110011110011000110010101011111100101111000011111010001010101011011110111001101111111110101
11000011001110001110100000101110001010110110101010101001101011110011110100101010101110111100111000000010100110101110111100101010
00000111010100010111110111001100000001010101000000110101000101100100010111010011010000111100001100011111011110110111000011000101
10101001100110110000010010111010011001111110101010001000111110100111011010001010100000011010011111001000101100000011100010100010
10010001000101110100100100100110110111001100000001011000001101000001000110000100010110010101011100100111010111010111001110010000
01101000101000100111101001100010101111111110101001001010000110100010000110101011011110101010010010101010011000101001101010100110
11011111100101010010000101011100000001011000101001000100010000011111010111000000010000100111110100011100111111000001010001010100
11110000110100101101001111011111000001111010100000000010001011101110001110001011101000010011100000111110111100100011001011101100
00010001010000010100010000101001000101110001011101011001100100000101001111110001000101010101110100100010011101010101100101010111
10101110101010000000110010111011101000110110000010101011100110101000111011110111000110111000001000001010110000101000101111100010
10011110101011010010011011011111110100010001000111110001010110010111011101010101001001000100110000111101101100001001111001000110
10101000101000100010101101101000000010011010111011011001001010001011111101101011000010011010101010100011100110011001110010100111
00010000011101011101000101110101000000010000110011010101010101000010010111000100000101010011010001110100000001000101010111110010
11101011000011011010000001110011111010000010000110110011010010110100101111111010100000111010001100100010101111001000101010001110
00011001010101010100010101010110011111010001110100110101001001111100001001100000110100000011010001000101010101010010110101010001
11001010100111100010000010111010011011101000011011101110101011111001101001101000101101101011111000100011001100101010111011110000
11010111000011000001011100101100110111100110110100010000101000101011000101010001010100110011110100000101100100010100111101010100
11001100101010100001001010111010101110101010100100001110101000001010011011000011101000101001110111100111000000101010100000101101
00110001010000001100010011110110100000001101010111010011110001000001011001011111110110110111010011001001100101000100010101011001
00000010111110101110111011101111101110101101000111101111000000100010101010101000010010100110111110101010101011110010101010101011
10010101010100111100000000100101110000001100010100010101011110001110011101011101011110010101001111000101011100010100000110010001
11101001101001101010101010001001100000001100111110111000011110011010001111111011101110000010000011111011100010110000000010001011
01001101110100011001010111000010010111100101010100011011001001110000010100110010000110110111011100000100010100010000000000000101
10111000111110001011101111111100000000111100000000011111111011001011100111000110100010100010011100000000100010101100101010001010
00010101110100010001010000111110000101010111000101010101010001010100010001101101011101000100000101011100011100111100010000011111
10111010111010011010110010011000101110111010011001100001000000011110001010100000111000110110101000111000110011101000100010001110
