00010011010000000001110101100000000101010111010100001011100001111001110011000110010000010001011100010101010111011100010101110101
10111111101010100000101010100011100000001010001000010010111110000000011100110000111010100110000000001111111011101010111001010000
01000010000001111000110000110101100001100000111101001110010001110011011111110111000101110110010111110110000101011011011101010100
11001100100010110011100110101000101111101010100011101000101000011111001011111010111011101010000011011010001010111111000010001000
11000010010101010101001111110011110101010101000100010001000011010100110000000010000101011000010100110001001100010101010111000000
11101110101100111110010000111110111000111000101110000010101111001100111011101011100000100010111010011110101000001100010000101110
01011011000011101101010110100101110100010101011100000111000011000000101000010110011100100101101101010010111110011111111000110101
11101010111000100001101010111011101011000010101110000001000010111001101000100010111111101000101000001010001110110110001010100101
11000001001111101011000100000000000111010000010000010001110000010100000001000100011101011001010001110001001111111100000100010101
10101000100010000011111010111110001111110100111010111100011100000110011010001111011000111100111010101011101000101000100010001000
11010000010100011110000000011010110101111111111011110000110001001001011100010001101101000100011111001111000110110000010110010111
10001110111110101110101110011111110010001010101011111110001000011111100101111110100100101011111011101010100011101110010000110000
11100101100101110100000100011011010000111101000001000101110100011011001100000111000110001100010000110001100011000111010111110010
11101110111110011010100101111001100010101000111000101001000010001010101100000000011011100111101001000110100011001000001010001011
10010100011111000011110001000111011011111011000011010100001111011000011101010111011100000100000101000000000101110001011000001101
10101110000010100011001111011101111001101011100010000110100110001011100111110010001100101000001100101010110010000000100010101100
11000011010001110111111111010101000001011100001100010101010101010001110011110110000011011100010011001101101111110001111111000110
00000000111001100010001010111110101100111010111110100001111110110010110010001001100011111110000010001010111110001011101000110010
01110001010000000001010011111101000101011000011101111101010100110100000000010001110000110011000101010110110111000100000010000000
11111010001010110011011010101111101011000010001001111001001101101111101111100010111010001111000001001010100010011111111010001100
01100110001001100101000011000110000100010001011111110101010001010101010001010100010101110001110111110110001110010010000101100101
00100000110011111110001001111000101110101110101111100000100010101011000010011010101011100000000011101000111110101000001010000010
00011000010001011001000100001100010111100101011001010000000101000110010100100000010100110110010010010001000111001101001101010100
10000010000011110010100010101110000000111011100011100010110010001110100011111100100011111010110000100110001110100010111100011001
01110000010100111001111100010101001101010111011111000110110000010011110000100100001100110110000100000111110001010111000001010000
10111111101110100010100000111010011001111001001100101001100010101001100010001000100011001011000010001000011011111011101000111100
01011100011110000000010001010111010101010101000101011001000100010101100101010001010011011001000110111000100111000011000011010101
00100110001000110001111110101001111110101110001101011111100110110010101111101010101000111011111011100010101011000111101011000000
01000001000111000100001100010111000110001111111001110100010111001110010110010100000101010111010001000111000101001100110100001011
11010010100010001011101010101110100111100010101000101010110010100011101110011010101010100000000000100010011110111000001011111011
01010010110001111111000101010110111101110101010110110000010101000111110101000110110110010101011111010000010100101111011101011000
01101010111000011101101010011111001000001001111110000011110000010010011000101000111011101011101000100010001100100011111110000010
01000001010001111101111101010101011111010001100010101000100001001100001100011111001001011100101110010110010101011100111101000110
10001000000001001010101110111010111001110110011110101010101011101110101011101010000010001001110010010111111110011011101010000000
00010101110101010101110000000011110110010101011111001001011100000111001111111101010110010101000100010011110001111111001110010001
11000011001011110011100010011010000110011000101100101001000010001010111000001010101000100100000000011011101010101000101100110000
11000001010000000110111110010100010101100100010010000101000100010101110000000010111000110101010101100001100110011111001000010111
01100010000110110010100010000000100010101100001010111111001000111011100010001011111110001110011110001110101010101000101011100010
11110000010011010000010100011101011000001001110111110010011101011010110001110101011001010101001111011101011011100100110111110000
10011110011010101000010110100000000010001100101100010000100010101010110010010111101100000111101100001010100001100011100101010010
01110000110111010101010010011101100100111111101100010001100111000000010111110111010101010110101011000011010101110001110111010101
11111010110111110100101111110111001001100011111000011011111000101110101011101110111110000110111100001011000111100001011001000110
00110100000001110001111100000101010101100101111110001001010101011000000001011110110001010100011101010101011101100101110000000011
10101011001010001000001100001010001100000011001011101110011010001001101110001010101010101010001000001111100010101000001010100010
11000101111100000101000011010001010101110011000111000011110111010011010001010011010000011101010001011110100001010111010000110100
00111000100010010011101010001000011000101010101000000111110000110000001010000011101100001010010000000010101000001110001011111010
00000101000000010101010111011110100101110011010101110100111010000001011101010110001101011111111100100110000101110111100001111101
10001100110010100000100110100010000011111000010100001100101010101010010010000010100101100000111000110110000010001011101011001010
10010001001001010100001101000101010110110001010101110111011101000101100101110110000101110101000101010001010111111101000000010101
10100010011110100110101110101000100100111000111010110110111000100111101011100110000000100000100000100011100000111111101010111000
01110011000011110101110000101100000100110011000111110110011001010000001101000111010111000001000001111110111101000011001111011100
10001010001010000011100110000011001000100010101110010010111011010000101100001011101011101011101010100100001000100111101000100000
00001101110111010000110100011001101001000101010001011101011101000101100100011001010101010101000101000110010100011001000101110100
10100111111110100010010000100000100111000001000100101001001010100101010010100111100101000011101011111000101111111000001101100100
10000110010000001101010101110101111111110001010101000000011111001001000011010100000100001001110001000111000011011011011100000001
10101011000010101000100000101000110010010110001010000010110000111011100001100011111110101010001001100110001010110010011010101011
11101101010110011100010100010001000100010001010000011000000101011101000111110011011111111101011101010101010001000100010010111001
01101011010100011010111011101011101110100110000000111000111000101000101010000010000000111000101010100110100110001110101110001010
01000011110101011100010101111000000101100111000100001101110100100101010001010101000111100111010111111011010101000000010001000010
10001100111100101111110010000010100010010000101111100010111010101111100010100111110001100011000100000000000011100011101100100010
10010001010101011101001101010001111000011111010010011110111110010001110101000111010101000001010011010111010011110100110100010010
11011100000010000110000001101000100000001111000010010011100011100001110111100011110011101110000110001011001110101100001000001010
10011101010001110101111100010001010101010000001100010101110101001101011100100001000001000101000101010100000101001001001111010110
00100111001010001001111000000010001001110000101100000000011100100010100100111111101000001111001110101111101000111011101110001100
01000101110011000001011110110000011000000110011001010101010111010010100101011000011101011111000111101100001111110100000101000111
10100000100111001000011100101010100010111010111001001110110000000010100110100100001110100000011011101011101110000010001010001000
11000100001101010101010101101100111010000001110111000101000011010100010101011001110001000111010111101100100100110000010011000010
10101100111010011010010011001111000110100000100010110010100010101110000001101111111000110001001001001010001111101010111011101110
01011100010000110000010101111111010001000101000011010111011100010100010101010101100101110101100001000100010011000101001111010101
00111101101110000011011101011000101010101000100000001100001001000110111100101010101001101001100111101010100011101100100010110010
00011100011000111001010100011101000111100011001100010101110100010101110100010011011101100101010100010000010001010110111110110110
10111110001010111111111100111110110010101011101110001100000010110111101111110000101101001111100010001111011010001100011010101010
00010001000010011011010101000110010111100001111000011011011011011101010100101100000000001001010101000100001101010001000001000000
10000010001011111010100011110010100011101000001000101011100010101010101010101000111100011110001010111010101010001010101010101011
01110111100010011001101101010100000000000101010101001101010110011101001001111101010101110000011011111001011001000000001101110110
00001000101011111110101010001011110010101100111111100000111000001010101111100010001000101000100011111110111011111010010010000110
01011101000001010100001101010011010100010110011000001111011101010000001000001010000101011111010001111111100100001011010111110111
11001010001010111010001110001010111011110000111000001000000111110000100010011110011010000010101110101010100000101011001010110001
10011101011100010000100001000001010000010101001101010101000100011001000000000101001000011110110111110001110101010101111100010111
11101000101110101010110000110110100001101000000000101000100000101010001110100010111010100010001110000010001001100000100000000011
01000011101111000001110100010101010111110101010101000001011000000101110001010111111100011111000100000111000101010101000101001111
10101111011111001011111100000011111110100011110110011001111111001000110000101101011110111001111011100100101001000011111110001000
00101111001101001101111101111001000001100110010101001111000101000000111101110101000001010001000111100110010101011101000100011110
11001001111110100000110111100000111101101010011001100110101011110010011001100000011001100011000010100011101010001111100000101100
11100101000010110111100001001001000101010001010001010101000101010101011001110111000100011101011000000011010001010100100100000100
10111010100110110000111101101111101110000110101011000110101000111100111000001110001000011010011001111011110001000000101001010010
00110011010000010110010110000110110111110101000100011100100001000000000001000110011001001110010011010011010101110101001001010001
10100111001110110010001010101010111000100110000000001110101001001001100010100000101011001010101111101110011010110001111010111110
11010101000101000001000011000110011001110010011111000111001001011001010101010100101110010001110100000000011000110111110011100001
01101110101010001000100010011100000011001010110001100010100101001011110010001010110010101011011001101100101101101001110000100010
11011101000011010111100001011101000000010001001101000101000111110110010010010011011101010111010101100101010101101111100101000111
10101110011100000000101001011100100000101010101010001000001010111100001000111000000110110010101010101000110010101110111110000010
01101101010101101100011100010101110110100001010110001001100100000011010101011101000100010111011100000101011100010101011111100101
10111000100100111010100010101111001010111000001001101010101010001110000011000111101010000010001111001011101000001110000011111001
01111010110000011111110101000001000101010110001101010100111001011101110011010100110011010011001011001100101111011001010110011000
00000000100110110001100110111110000010111011001000101000101100001011100010100010010001101000100100001111110000101011000000110011
01000100010100111101010001011101110100010101000000010000000111000110010111000000011101110111011101000101111000001101110101100000
00100011110000011010001001100110100010001011001000001000011010001110000011001001001100001110100101101110100010011100110010100000
00011011110100011111000001000110010111010111001001011100111111000111011101010010010101110111010101000011000100001101010000011100
00001000110010101000101011100010111010100100100010100011111101111110100000111010100100101011001110101110000011001010000001100000
01000100000001000001001111010100011110010111110100010000001101000011010101111011001101110001000100001100000011010110010101000101
01100010011000100011100111110010100000001000101010101010110000111011011110101010101010000011110010011001101011111001110100110011
01100111110101001101010101010001110001110101110101010100110000110101011001111001110101010000110001111100110111101001010100010011
11111010000001111010111100101110010100001011110010111010101000101011111011100000001011101000000010001110001000100110001001100010
01010101010101000011001011110010010110111001011011001001000011011000110000001101101100100001010001111101011000110101110001000101
00010110101010001010000011001000101110101010111010101010110000101000100111101111101110101011011000001000110000110000111110001000
01010001110001010101010001111111001101110001001001011110011100010101010011110000010011011101010111010000011100010001111101001001
10101110101000010000000010011011101100011001101011101001101011110010100011011111101010110000101001101010101000001010000111100010
00111100111111010111000000010110010100011100111000011111100001010110011101000101111110010001011101000000011101101101010100010101
00001011101111110010101001101101011010101111110010100010001001101111101010001000001110001110101100111010101100011010111001000000
00001100110001000001100101011101110001110000010101110011000000011101100000000001110100010100101101000101111100110110010001110011
01100010111010110000100011110110010010011010101011101001110000100000100011101000100110110001011110100010111100100011000000001110
01000100100000011111000001011101010111010011010000001100000101000111010111000100011101010101001111010100011101000101010101111111
10000110100010000011101010100000011010101000001100111011011010010000101111100010001011111000101010000010001101110010001000111111
00110111001000000111000101100010000001100001111111110001111001010101000101110111100001110001001000010110101101010100100101101100
10100010101010010010100010100010101001111111111001000100101011001010001110111010101110101000001000101100001010110101101111111110
11110110000111010101000011010101110001100000010100010101010111001111000100110111000001110011010100100111010101010011111101000110
10101010101010110010100011101000101000001000101110110110011110110010001101110010111000100111011000101110101000110011101011000100
01010101010101001011010001010010000101010111001101011011000100011100001101010100110001000011000100001101011110000001110111111001
10100100001101001010111100100010111110000111100011001111000010111011100000100000100000111110101000001110011010001011101000000011
10000111110100110000011101010111110101000101001100001101011011000101100101010101000011001100000100010010100100011000111101010011
00101010111000001000001000001010110110111011111000101011101000010001110010011000001110111000101010100010110100001110100110100010
01011101000101110101011011001110010101000001010001000011111101000101010110010101010001010001000100000010110111011101110111010101
10111000010001001010001010001010101000101011010010101011000110001111100010000000000010111000101011111111110010111011001100000110
01010001010101110011000111110101000011110101000111011000110101010001000001010001000010010001000011011110011110100001010001011110
10001011111100000011000000101100001000001010101100001010100010110011011000110000101010111011101000001010011001101000010011011000
00100111011111000010110000011101011101110010110101000011111100100101011101000100010000111111110101101011101011100101010110010101
00100011010010101110101010101001100100101000011010100011101010111001101100000010110010100000001110011111110011101000101111100001
