110010111111110011000011
110011111111111011000010
111111111111111000001111
001110000001100111011100
011100000111101110001110
011110001110000111001110
111110001110000011000111
101111010000001001000111
111111011100101011000001
010101011100111101101111
011110010110010111001111
111000011010001111011101
111111001111001111111100
011111101100011101101111
111111111000111111100000
111100101111111110000000
001101001100111100000110
011111011001011100101101
111001100111111101111111
101111100010111010111001
000010000011111110111100
000000001001111111111000
010001111000010011110111
110011111110000011111011
