111010011100001111100001111001010000000001111010
010000001000111111101111111111110000001100011000
101000100111111110001000111111010110011110011101
101110101011111011101001111111110100100100111001
111100000110110111101101111101111011110111111111
110111111111110000011111111101110011010011010010
000111111100010011111111111111110111001000000010
001111100111011111111100100111110111111111110010
100001000111011011110001101100001110111111100110
100001011111011001110001111111111110001111100111
110111011001111001000000111010111110111011100111
100111001100110011101100011111111110001001111111
001111011111000000110101111111111110011001110001
111011111111100101101000110110011111101011100011
111100000011001100001100110011111111000110000001
111011100001110100001100101000110010001110100001
010000111111111110011101100100011000111111111100
001100111100111111011101100111001101111111111011
001000010001111101111111100111100101111111100011
111001010000001101110110000111001110111111111111
100101010101101111100110000111101100111100111000
110000110011101111011111110110011111101100111101
100000010011100111111111110100101101001100111111
111011100011111111111111111100110011111101001001
111011011111111111111011111100011111011100001101
110101111111111100110011111110011101110001111011
110111111001111100110110101111000100110000011010
011111111011111011111110011000001011111000011010
000111111001101111011110000011111101111000111001
111111111001000111110010100111111110111111111111
111110110011010111111011100011110111011111000110
101011110000000011001111100000111001010011000000
110011110100000001100101101001000001111110000010
000001111110000001110000101101010000011100100000
001101101111010001111101111111111101111010010100
111011111111110001111001111111111111101111000100
101001001111110001110111011100111111100011000011
111001110000000001111101111100111111110011100010
011000110000011110001111111101110111111111111011
011111111011111100000111111101011111111111001000
011000011111110111001111001101001111111101111110
011000111111110111011000011101111111111111100111
100011110110110111100100111111111111010011011111
100010000011110111100111111111001011000010011111
110110000011100111111111000001111110000010001111
000110110111001110111110001001110110000111001111
000111111111110011110111100011110000011111001010
100100011110011100010111100000010000011111111010
