-392 0
-391 0
-390 0
-389 0
-388 0
-387 0
-386 0
-385 0
-384 0
-383 0
-382 0
-381 0
-380 0
-379 0
-378 0
-377 0
-376 0
-375 0
-374 0
-373 0
-372 0
-371 0
-370 0
-369 0
-368 0
-367 0
-366 0
-365 0
-364 0
-363 0
-362 0
-361 0
-360 0
-359 0
-358 0
-357 0
-356 0
-355 0
-354 0
-353 0
-352 0
-351 0
-350 0
-349 0
-348 0
-347 0
-346 0
-345 0
-344 0
-343 0
-342 0
-341 0
-340 0
-339 0
-338 0
-337 0
-336 0
-335 0
-334 0
-333 0
-332 0
-331 0
-330 0
-329 0
-328 0
-327 0
-326 0
-325 0
-324 0
-323 0
-322 0
-321 0
-320 0
-319 0
-318 0
-317 0
-316 0
-315 0
-314 0
-313 0
-312 0
-311 0
-310 0
-309 0
-308 0
-307 0
-306 0
-305 0
-304 0
-303 0
-302 0
-301 0
-300 0
-299 0
-298 0
-297 0
-296 0
-295 0
-294 0
-293 0
-292 0
-291 0
-290 1
-289 0
-288 1
-287 0
-286 1
-285 0
-284 1
-283 0
-282 1
-281 0
-280 1
-279 0
-278 1
-277 0
-276 1
-275 0
-274 1
-273 0
-272 1
-271 0
-270 1
-269 0
-268 1
-267 0
-266 1
-265 0
-264 1
-263 0
-262 1
-261 0
-260 1
-259 0
-258 1
-257 0
-256 1
-255 0
-254 1
-253 0
-252 1
-251 0
-250 1
-249 0
-248 1
-247 0
-246 1
-245 0
-244 1
-243 0
-242 1
-241 0
-240 1
-239 0
-238 1
-237 0
-236 1
-235 0
-234 1
-233 0
-232 1
-231 0
-230 1
-229 0
-228 1
-227 0
-226 1
-225 0
-224 1
-223 0
-222 1
-221 0
-220 1
-219 0
-218 1
-217 0
-216 1
-215 0
-214 1
-213 0
-212 1
-211 0
-210 1
-209 0
-208 1
-207 0
-206 1
-205 0
-204 1
-203 0
-202 1
-201 0
-200 1
-199 0
-198 1
-197 0
-196 1
-195 0
-194 1
-193 0
-192 1
-191 0
-190 1
-189 0
-188 1
-187 0
-186 1
-185 0
-184 1
-183 0
-182 1
-181 0
-180 1
-179 0
-178 1
-177 0
-176 1
-175 0
-174 1
-173 0
-172 1
-171 0
-170 1
-169 0
-168 1
-167 0
-166 1
-165 0
-164 1
-163 0
-162 1
-161 0
-160 1
-159 0
-158 1
-157 0
-156 1
-155 0
-154 1
-153 0
-152 1
-151 0
-150 1
-149 0
-148 1
-147 0
-146 1
-145 0
-144 1
-143 0
-142 1
-141 0
-140 1
-139 0
-138 1
-137 0
-136 1
-135 0
-134 1
-133 0
-132 1
-131 0
-130 1
-129 0
-128 1
-127 0
-126 1
-125 0
-124 1
-123 0
-122 1
-121 0
-120 1
-119 0
-118 1
-117 0
-116 1
-115 0
-114 1
-113 0
-112 1
-111 0
-110 1
-109 0
-108 1
-107 0
-106 1
-105 0
-104 1
-103 0
-102 1
-101 0
-100 1
-99 0
-98 1
-97 0
-96 1
-95 0
-94 1
-93 0
-92 1
-91 0
-90 1
-89 0
-88 1
-87 0
-86 1
-85 0
-84 1
-83 0
-82 1
-81 0
-80 1
-79 0
-78 1
-77 0
-76 1
-75 0
-74 1
-73 0
-72 1
-71 0
-70 1
-69 0
-68 1
-67 0
-66 1
-65 0
-64 1
-63 0
-62 1
-61 0
-60 1
-59 0
-58 1
-57 0
-56 1
-55 0
-54 1
-53 0
-52 1
-51 0
-50 1
-49 0
-48 1
-47 0
-46 1
-45 0
-44 1
-43 0
-42 1
-41 0
-40 1
-39 0
-38 1
-37 0
-36 1
-35 0
-34 1
-33 0
-32 1
-31 0
-30 1
-29 0
-28 1
-27 0
-26 1
-25 0
-24 1
-23 0
-22 1
-21 0
-20 1
-19 0
-18 1
-17 0
-16 1
-15 0
-14 1
-13 0
-12 1
-11 0
-10 1
-9 0
-8 1
-7 0
-6 1
-5 0
-4 1
-3 0
-2 1
-1 0
0 1
1 0
2 1
3 0
4 1
5 0
6 1
7 0
8 1
9 0
10 1
11 0
12 1
13 0
14 1
15 0
16 1
17 0
18 1
19 0
20 1
21 0
22 1
23 0
24 1
25 0
26 1
27 0
28 1
29 0
30 1
31 0
32 1
33 0
34 1
35 0
36 1
37 0
38 1
39 0
40 1
41 0
42 1
43 0
44 1
45 0
46 1
47 0
48 1
49 0
50 1
51 0
52 1
53 0
54 1
55 0
56 1
57 0
58 1
59 0
60 1
61 0
62 1
63 0
64 1
65 0
66 1
67 0
68 1
69 0
70 1
71 0
72 1
73 0
74 1
75 0
76 1
77 0
78 1
79 0
80 1
81 0
82 1
83 0
84 1
85 0
86 1
87 0
88 1
89 0
90 1
91 0
92 1
93 0
94 1
95 0
96 1
97 0
98 1
99 0
100 1
101 0
102 1
103 0
104 1
105 0
106 1
107 0
108 1
109 0
110 1
111 0
112 1
113 0
114 1
115 0
116 1
117 0
118 1
119 0
120 1
121 0
122 1
123 0
124 1
125 0
126 1
127 0
128 1
129 0
130 1
131 0
132 1
133 0
134 1
135 0
136 1
137 0
138 1
139 0
140 1
141 0
142 1
143 0
144 1
145 0
146 1
147 0
148 1
149 0
150 1
151 0
152 1
153 0
154 1
155 0
156 1
157 0
158 1
159 0
160 1
161 0
162 1
163 0
164 1
165 0
166 1
167 0
168 1
169 0
170 1
171 0
172 1
173 0
174 1
175 0
176 1
177 0
178 1
179 0
180 1
181 0
182 1
183 0
184 1
185 0
186 1
187 0
188 1
189 0
190 1
191 0
192 1
193 0
194 1
195 0
196 1
197 0
198 1
199 0
200 1
201 0
202 1
203 0
204 1
205 0
206 1
207 0
208 1
209 0
210 1
211 0
212 1
213 0
214 1
215 0
216 1
217 0
218 1
219 0
220 1
221 0
222 1
223 0
224 1
225 0
226 1
227 0
228 1
229 0
230 1
231 0
232 1
233 0
234 1
235 0
236 1
237 0
238 1
239 0
240 1
241 0
242 1
243 0
244 1
245 0
246 1
247 0
248 1
249 0
250 1
251 0
252 1
253 0
254 1
255 0
256 1
257 0
258 1
259 0
260 1
261 0
262 1
263 0
264 1
265 0
266 1
267 0
268 1
269 0
270 1
271 0
272 1
273 0
274 1
275 0
276 1
277 0
278 1
279 0
280 1
281 0
282 1
283 0
284 1
285 0
286 1
287 0
288 1
289 0
290 1
291 0
292 0
293 0
294 0
295 0
296 0
297 0
298 0
299 0
300 0
301 0
302 0
303 0
304 0
305 0
306 0
307 0
308 0
309 0
310 0
311 0
312 0
313 0
314 0
315 0
316 0
317 0
318 0
319 0
320 0
321 0
322 0
323 0
324 0
325 0
326 0
327 0
328 0
329 0
330 0
331 0
332 0
333 0
334 0
335 0
336 0
337 0
338 0
339 0
340 0
341 0
342 0
343 0
344 0
345 0
346 0
347 0
348 0
349 0
350 0
351 0
352 0
353 0
354 0
355 0
356 0
357 0
358 0
359 0
360 0
361 0
362 0
363 0
364 0
365 0
366 0
367 0
368 0
369 0
370 0
371 0
372 0
373 0
374 0
375 0
376 0
377 0
378 0
379 0
380 0
381 0
382 0
383 0
384 0
385 0
386 0
387 0
388 0
389 0
390 0
391 0
392 0
