-1152 0
-1151 0
-1150 0
-1149 0
-1148 0
-1147 0
-1146 0
-1145 0
-1144 0
-1143 0
-1142 0
-1141 0
-1140 0
-1139 0
-1138 0
-1137 0
-1136 0
-1135 0
-1134 0
-1133 0
-1132 0
-1131 0
-1130 0
-1129 0
-1128 0
-1127 0
-1126 0
-1125 0
-1124 0
-1123 0
-1122 0
-1121 0
-1120 0
-1119 0
-1118 0
-1117 0
-1116 0
-1115 0
-1114 0
-1113 0
-1112 0
-1111 0
-1110 0
-1109 0
-1108 0
-1107 0
-1106 0
-1105 0
-1104 0
-1103 0
-1102 0
-1101 0
-1100 0
-1099 0
-1098 0
-1097 0
-1096 0
-1095 0
-1094 0
-1093 0
-1092 0
-1091 0
-1090 0
-1089 0
-1088 0
-1087 0
-1086 0
-1085 0
-1084 0
-1083 0
-1082 0
-1081 0
-1080 0
-1079 0
-1078 0
-1077 0
-1076 0
-1075 0
-1074 0
-1073 0
-1072 0
-1071 0
-1070 0
-1069 0
-1068 0
-1067 0
-1066 0
-1065 0
-1064 0
-1063 0
-1062 0
-1061 0
-1060 0
-1059 0
-1058 0
-1057 0
-1056 0
-1055 0
-1054 0
-1053 0
-1052 0
-1051 0
-1050 0
-1049 0
-1048 0
-1047 0
-1046 0
-1045 0
-1044 0
-1043 0
-1042 0
-1041 0
-1040 0
-1039 0
-1038 0
-1037 0
-1036 0
-1035 0
-1034 0
-1033 0
-1032 0
-1031 0
-1030 0
-1029 0
-1028 0
-1027 0
-1026 0
-1025 0
-1024 0
-1023 0
-1022 0
-1021 0
-1020 0
-1019 0
-1018 0
-1017 0
-1016 0
-1015 0
-1014 0
-1013 0
-1012 0
-1011 0
-1010 0
-1009 0
-1008 0
-1007 0
-1006 0
-1005 0
-1004 0
-1003 0
-1002 0
-1001 0
-1000 0
-999 0
-998 0
-997 0
-996 0
-995 0
-994 0
-993 0
-992 0
-991 0
-990 0
-989 0
-988 0
-987 0
-986 0
-985 0
-984 0
-983 0
-982 0
-981 0
-980 0
-979 0
-978 0
-977 0
-976 0
-975 0
-974 0
-973 0
-972 0
-971 0
-970 0
-969 0
-968 0
-967 0
-966 0
-965 0
-964 0
-963 0
-962 0
-961 0
-960 0
-959 0
-958 0
-957 0
-956 0
-955 0
-954 0
-953 0
-952 0
-951 0
-950 0
-949 0
-948 0
-947 0
-946 0
-945 0
-944 0
-943 0
-942 0
-941 0
-940 0
-939 0
-938 0
-937 0
-936 0
-935 0
-934 0
-933 0
-932 0
-931 0
-930 0
-929 0
-928 0
-927 0
-926 0
-925 0
-924 0
-923 0
-922 0
-921 0
-920 0
-919 0
-918 0
-917 0
-916 0
-915 0
-914 0
-913 0
-912 1
-911 0
-910 0
-909 0
-908 1
-907 0
-906 0
-905 0
-904 1
-903 0
-902 0
-901 0
-900 1
-899 0
-898 0
-897 0
-896 1
-895 0
-894 0
-893 0
-892 1
-891 0
-890 0
-889 0
-888 1
-887 0
-886 0
-885 0
-884 1
-883 0
-882 0
-881 0
-880 1
-879 0
-878 0
-877 0
-876 1
-875 0
-874 0
-873 0
-872 1
-871 0
-870 0
-869 0
-868 1
-867 0
-866 0
-865 0
-864 1
-863 0
-862 0
-861 0
-860 1
-859 0
-858 0
-857 0
-856 1
-855 0
-854 0
-853 0
-852 1
-851 0
-850 0
-849 0
-848 1
-847 0
-846 0
-845 0
-844 1
-843 0
-842 0
-841 0
-840 1
-839 0
-838 0
-837 0
-836 1
-835 0
-834 0
-833 0
-832 1
-831 0
-830 0
-829 0
-828 1
-827 0
-826 0
-825 0
-824 1
-823 0
-822 0
-821 0
-820 1
-819 0
-818 0
-817 0
-816 1
-815 0
-814 0
-813 0
-812 1
-811 0
-810 0
-809 0
-808 1
-807 0
-806 0
-805 0
-804 1
-803 0
-802 0
-801 0
-800 1
-799 0
-798 0
-797 0
-796 1
-795 0
-794 0
-793 0
-792 1
-791 0
-790 0
-789 0
-788 1
-787 0
-786 0
-785 0
-784 1
-783 0
-782 0
-781 0
-780 1
-779 0
-778 0
-777 0
-776 1
-775 0
-774 0
-773 0
-772 1
-771 0
-770 0
-769 0
-768 1
-767 0
-766 0
-765 0
-764 1
-763 0
-762 0
-761 0
-760 1
-759 0
-758 0
-757 0
-756 1
-755 0
-754 0
-753 0
-752 1
-751 0
-750 0
-749 0
-748 1
-747 0
-746 0
-745 0
-744 1
-743 0
-742 0
-741 0
-740 1
-739 0
-738 0
-737 0
-736 1
-735 0
-734 0
-733 0
-732 1
-731 0
-730 0
-729 0
-728 1
-727 0
-726 0
-725 0
-724 1
-723 0
-722 0
-721 0
-720 1
-719 0
-718 0
-717 0
-716 1
-715 0
-714 0
-713 0
-712 1
-711 0
-710 0
-709 0
-708 1
-707 0
-706 0
-705 0
-704 1
-703 0
-702 0
-701 0
-700 1
-699 0
-698 0
-697 0
-696 1
-695 0
-694 0
-693 0
-692 1
-691 0
-690 0
-689 0
-688 1
-687 0
-686 0
-685 0
-684 1
-683 0
-682 0
-681 0
-680 1
-679 0
-678 0
-677 0
-676 1
-675 0
-674 0
-673 0
-672 1
-671 0
-670 0
-669 0
-668 1
-667 0
-666 0
-665 0
-664 1
-663 0
-662 0
-661 0
-660 1
-659 0
-658 0
-657 0
-656 1
-655 0
-654 0
-653 0
-652 1
-651 0
-650 0
-649 0
-648 1
-647 0
-646 0
-645 0
-644 1
-643 0
-642 0
-641 0
-640 1
-639 0
-638 0
-637 0
-636 1
-635 0
-634 0
-633 0
-632 1
-631 0
-630 0
-629 0
-628 1
-627 0
-626 0
-625 0
-624 1
-623 0
-622 0
-621 0
-620 1
-619 0
-618 0
-617 0
-616 1
-615 0
-614 0
-613 0
-612 1
-611 0
-610 0
-609 0
-608 1
-607 0
-606 0
-605 0
-604 1
-603 0
-602 0
-601 0
-600 1
-599 0
-598 0
-597 0
-596 1
-595 0
-594 0
-593 0
-592 1
-591 0
-590 0
-589 0
-588 1
-587 0
-586 0
-585 0
-584 1
-583 0
-582 0
-581 0
-580 1
-579 0
-578 0
-577 0
-576 1
-575 0
-574 0
-573 0
-572 1
-571 0
-570 0
-569 0
-568 1
-567 0
-566 0
-565 0
-564 1
-563 0
-562 0
-561 0
-560 1
-559 0
-558 0
-557 0
-556 1
-555 0
-554 0
-553 0
-552 1
-551 0
-550 0
-549 0
-548 1
-547 0
-546 0
-545 0
-544 1
-543 0
-542 0
-541 0
-540 1
-539 0
-538 0
-537 0
-536 1
-535 0
-534 0
-533 0
-532 1
-531 0
-530 0
-529 0
-528 1
-527 0
-526 0
-525 0
-524 1
-523 0
-522 0
-521 0
-520 1
-519 0
-518 0
-517 0
-516 1
-515 0
-514 0
-513 0
-512 1
-511 0
-510 0
-509 0
-508 1
-507 0
-506 0
-505 0
-504 1
-503 0
-502 0
-501 0
-500 1
-499 0
-498 0
-497 0
-496 1
-495 0
-494 0
-493 0
-492 1
-491 0
-490 0
-489 0
-488 1
-487 0
-486 0
-485 0
-484 1
-483 0
-482 0
-481 0
-480 1
-479 0
-478 0
-477 0
-476 1
-475 0
-474 0
-473 0
-472 1
-471 0
-470 0
-469 0
-468 1
-467 0
-466 0
-465 0
-464 1
-463 0
-462 0
-461 0
-460 1
-459 0
-458 0
-457 0
-456 1
-455 0
-454 0
-453 0
-452 1
-451 0
-450 0
-449 0
-448 1
-447 0
-446 0
-445 0
-444 1
-443 0
-442 0
-441 0
-440 1
-439 0
-438 0
-437 0
-436 1
-435 0
-434 0
-433 0
-432 1
-431 0
-430 0
-429 0
-428 1
-427 0
-426 0
-425 0
-424 1
-423 0
-422 0
-421 0
-420 1
-419 0
-418 0
-417 0
-416 1
-415 0
-414 0
-413 0
-412 1
-411 0
-410 0
-409 0
-408 1
-407 0
-406 0
-405 0
-404 1
-403 0
-402 0
-401 0
-400 1
-399 0
-398 0
-397 0
-396 1
-395 0
-394 0
-393 0
-392 1
-391 0
-390 0
-389 0
-388 1
-387 0
-386 0
-385 0
-384 1
-383 0
-382 0
-381 0
-380 1
-379 0
-378 0
-377 0
-376 1
-375 0
-374 0
-373 0
-372 1
-371 0
-370 0
-369 0
-368 1
-367 0
-366 0
-365 0
-364 1
-363 0
-362 0
-361 0
-360 1
-359 0
-358 0
-357 0
-356 1
-355 0
-354 0
-353 0
-352 1
-351 0
-350 0
-349 0
-348 1
-347 0
-346 0
-345 0
-344 1
-343 0
-342 0
-341 0
-340 1
-339 0
-338 0
-337 0
-336 1
-335 0
-334 0
-333 0
-332 1
-331 0
-330 0
-329 0
-328 1
-327 0
-326 0
-325 0
-324 1
-323 0
-322 0
-321 0
-320 1
-319 0
-318 0
-317 0
-316 1
-315 0
-314 0
-313 0
-312 1
-311 0
-310 0
-309 0
-308 1
-307 0
-306 0
-305 0
-304 1
-303 0
-302 0
-301 0
-300 1
-299 0
-298 0
-297 0
-296 1
-295 0
-294 0
-293 0
-292 1
-291 0
-290 0
-289 0
-288 1
-287 0
-286 0
-285 0
-284 1
-283 0
-282 0
-281 0
-280 1
-279 0
-278 0
-277 0
-276 1
-275 0
-274 0
-273 0
-272 1
-271 0
-270 0
-269 0
-268 1
-267 0
-266 0
-265 0
-264 1
-263 0
-262 0
-261 0
-260 1
-259 0
-258 0
-257 0
-256 1
-255 0
-254 0
-253 0
-252 1
-251 0
-250 0
-249 0
-248 1
-247 0
-246 0
-245 0
-244 1
-243 0
-242 0
-241 0
-240 1
-239 0
-238 0
-237 0
-236 1
-235 0
-234 0
-233 0
-232 1
-231 0
-230 0
-229 0
-228 1
-227 0
-226 0
-225 0
-224 1
-223 0
-222 0
-221 0
-220 1
-219 0
-218 0
-217 0
-216 1
-215 0
-214 0
-213 0
-212 1
-211 0
-210 0
-209 0
-208 1
-207 0
-206 0
-205 0
-204 1
-203 0
-202 0
-201 0
-200 1
-199 0
-198 0
-197 0
-196 1
-195 0
-194 0
-193 0
-192 1
-191 0
-190 0
-189 0
-188 1
-187 0
-186 0
-185 0
-184 1
-183 0
-182 0
-181 0
-180 1
-179 0
-178 0
-177 0
-176 1
-175 0
-174 0
-173 0
-172 1
-171 0
-170 0
-169 0
-168 1
-167 0
-166 0
-165 0
-164 1
-163 0
-162 0
-161 0
-160 1
-159 0
-158 0
-157 0
-156 1
-155 0
-154 0
-153 0
-152 1
-151 0
-150 0
-149 0
-148 1
-147 0
-146 0
-145 0
-144 1
-143 0
-142 0
-141 0
-140 1
-139 0
-138 0
-137 0
-136 1
-135 0
-134 0
-133 0
-132 1
-131 0
-130 0
-129 0
-128 1
-127 0
-126 0
-125 0
-124 1
-123 0
-122 0
-121 0
-120 1
-119 0
-118 0
-117 0
-116 1
-115 0
-114 0
-113 0
-112 1
-111 0
-110 0
-109 0
-108 1
-107 0
-106 0
-105 0
-104 1
-103 0
-102 0
-101 0
-100 1
-99 0
-98 0
-97 0
-96 1
-95 0
-94 0
-93 0
-92 1
-91 0
-90 0
-89 0
-88 1
-87 0
-86 0
-85 0
-84 1
-83 0
-82 0
-81 0
-80 1
-79 0
-78 0
-77 0
-76 1
-75 0
-74 0
-73 0
-72 1
-71 0
-70 0
-69 0
-68 1
-67 0
-66 0
-65 0
-64 1
-63 0
-62 0
-61 0
-60 1
-59 0
-58 0
-57 0
-56 1
-55 0
-54 0
-53 0
-52 1
-51 0
-50 0
-49 0
-48 1
-47 0
-46 0
-45 0
-44 1
-43 0
-42 0
-41 0
-40 1
-39 0
-38 0
-37 0
-36 1
-35 0
-34 0
-33 0
-32 1
-31 0
-30 0
-29 0
-28 1
-27 0
-26 0
-25 0
-24 1
-23 0
-22 0
-21 0
-20 1
-19 0
-18 0
-17 0
-16 1
-15 0
-14 0
-13 0
-12 1
-11 0
-10 0
-9 0
-8 1
-7 0
-6 0
-5 0
-4 1
-3 0
-2 0
-1 0
0 1
1 0
2 0
3 0
4 1
5 0
6 0
7 0
8 1
9 0
10 0
11 0
12 1
13 0
14 0
15 0
16 1
17 0
18 0
19 0
20 1
21 0
22 0
23 0
24 1
25 0
26 0
27 0
28 1
29 0
30 0
31 0
32 1
33 0
34 0
35 0
36 1
37 0
38 0
39 0
40 1
41 0
42 0
43 0
44 1
45 0
46 0
47 0
48 1
49 0
50 0
51 0
52 1
53 0
54 0
55 0
56 1
57 0
58 0
59 0
60 1
61 0
62 0
63 0
64 1
65 0
66 0
67 0
68 1
69 0
70 0
71 0
72 1
73 0
74 0
75 0
76 1
77 0
78 0
79 0
80 1
81 0
82 0
83 0
84 1
85 0
86 0
87 0
88 1
89 0
90 0
91 0
92 1
93 0
94 0
95 0
96 1
97 0
98 0
99 0
100 1
101 0
102 0
103 0
104 1
105 0
106 0
107 0
108 1
109 0
110 0
111 0
112 1
113 0
114 0
115 0
116 1
117 0
118 0
119 0
120 1
121 0
122 0
123 0
124 1
125 0
126 0
127 0
128 1
129 0
130 0
131 0
132 1
133 0
134 0
135 0
136 1
137 0
138 0
139 0
140 1
141 0
142 0
143 0
144 1
145 0
146 0
147 0
148 1
149 0
150 0
151 0
152 1
153 0
154 0
155 0
156 1
157 0
158 0
159 0
160 1
161 0
162 0
163 0
164 1
165 0
166 0
167 0
168 1
169 0
170 0
171 0
172 1
173 0
174 0
175 0
176 1
177 0
178 0
179 0
180 1
181 0
182 0
183 0
184 1
185 0
186 0
187 0
188 1
189 0
190 0
191 0
192 1
193 0
194 0
195 0
196 1
197 0
198 0
199 0
200 1
201 0
202 0
203 0
204 1
205 0
206 0
207 0
208 1
209 0
210 0
211 0
212 1
213 0
214 0
215 0
216 1
217 0
218 0
219 0
220 1
221 0
222 0
223 0
224 1
225 0
226 0
227 0
228 1
229 0
230 0
231 0
232 1
233 0
234 0
235 0
236 1
237 0
238 0
239 0
240 1
241 0
242 0
243 0
244 1
245 0
246 0
247 0
248 1
249 0
250 0
251 0
252 1
253 0
254 0
255 0
256 1
257 0
258 0
259 0
260 1
261 0
262 0
263 0
264 1
265 0
266 0
267 0
268 1
269 0
270 0
271 0
272 1
273 0
274 0
275 0
276 1
277 0
278 0
279 0
280 1
281 0
282 0
283 0
284 1
285 0
286 0
287 0
288 1
289 0
290 0
291 0
292 1
293 0
294 0
295 0
296 1
297 0
298 0
299 0
300 1
301 0
302 0
303 0
304 1
305 0
306 0
307 0
308 1
309 0
310 0
311 0
312 1
313 0
314 0
315 0
316 1
317 0
318 0
319 0
320 1
321 0
322 0
323 0
324 1
325 0
326 0
327 0
328 1
329 0
330 0
331 0
332 1
333 0
334 0
335 0
336 1
337 0
338 0
339 0
340 1
341 0
342 0
343 0
344 1
345 0
346 0
347 0
348 1
349 0
350 0
351 0
352 1
353 0
354 0
355 0
356 1
357 0
358 0
359 0
360 1
361 0
362 0
363 0
364 1
365 0
366 0
367 0
368 1
369 0
370 0
371 0
372 1
373 0
374 0
375 0
376 1
377 0
378 0
379 0
380 1
381 0
382 0
383 0
384 1
385 0
386 0
387 0
388 1
389 0
390 0
391 0
392 1
393 0
394 0
395 0
396 1
397 0
398 0
399 0
400 1
401 0
402 0
403 0
404 1
405 0
406 0
407 0
408 1
409 0
410 0
411 0
412 1
413 0
414 0
415 0
416 1
417 0
418 0
419 0
420 1
421 0
422 0
423 0
424 1
425 0
426 0
427 0
428 1
429 0
430 0
431 0
432 1
433 0
434 0
435 0
436 1
437 0
438 0
439 0
440 1
441 0
442 0
443 0
444 1
445 0
446 0
447 0
448 1
449 0
450 0
451 0
452 1
453 0
454 0
455 0
456 1
457 0
458 0
459 0
460 1
461 0
462 0
463 0
464 1
465 0
466 0
467 0
468 1
469 0
470 0
471 0
472 1
473 0
474 0
475 0
476 1
477 0
478 0
479 0
480 1
481 0
482 0
483 0
484 1
485 0
486 0
487 0
488 1
489 0
490 0
491 0
492 1
493 0
494 0
495 0
496 1
497 0
498 0
499 0
500 1
501 0
502 0
503 0
504 1
505 0
506 0
507 0
508 1
509 0
510 0
511 0
512 1
513 0
514 0
515 0
516 1
517 0
518 0
519 0
520 1
521 0
522 0
523 0
524 1
525 0
526 0
527 0
528 1
529 0
530 0
531 0
532 1
533 0
534 0
535 0
536 1
537 0
538 0
539 0
540 1
541 0
542 0
543 0
544 1
545 0
546 0
547 0
548 1
549 0
550 0
551 0
552 1
553 0
554 0
555 0
556 1
557 0
558 0
559 0
560 1
561 0
562 0
563 0
564 1
565 0
566 0
567 0
568 1
569 0
570 0
571 0
572 1
573 0
574 0
575 0
576 1
577 0
578 0
579 0
580 1
581 0
582 0
583 0
584 1
585 0
586 0
587 0
588 1
589 0
590 0
591 0
592 1
593 0
594 0
595 0
596 1
597 0
598 0
599 0
600 1
601 0
602 0
603 0
604 1
605 0
606 0
607 0
608 1
609 0
610 0
611 0
612 1
613 0
614 0
615 0
616 1
617 0
618 0
619 0
620 1
621 0
622 0
623 0
624 1
625 0
626 0
627 0
628 1
629 0
630 0
631 0
632 1
633 0
634 0
635 0
636 1
637 0
638 0
639 0
640 1
641 0
642 0
643 0
644 1
645 0
646 0
647 0
648 1
649 0
650 0
651 0
652 1
653 0
654 0
655 0
656 1
657 0
658 0
659 0
660 1
661 0
662 0
663 0
664 1
665 0
666 0
667 0
668 1
669 0
670 0
671 0
672 1
673 0
674 0
675 0
676 1
677 0
678 0
679 0
680 1
681 0
682 0
683 0
684 1
685 0
686 0
687 0
688 1
689 0
690 0
691 0
692 1
693 0
694 0
695 0
696 1
697 0
698 0
699 0
700 1
701 0
702 0
703 0
704 1
705 0
706 0
707 0
708 1
709 0
710 0
711 0
712 1
713 0
714 0
715 0
716 1
717 0
718 0
719 0
720 1
721 0
722 0
723 0
724 1
725 0
726 0
727 0
728 1
729 0
730 0
731 0
732 1
733 0
734 0
735 0
736 1
737 0
738 0
739 0
740 1
741 0
742 0
743 0
744 1
745 0
746 0
747 0
748 1
749 0
750 0
751 0
752 1
753 0
754 0
755 0
756 1
757 0
758 0
759 0
760 1
761 0
762 0
763 0
764 1
765 0
766 0
767 0
768 1
769 0
770 0
771 0
772 1
773 0
774 0
775 0
776 1
777 0
778 0
779 0
780 1
781 0
782 0
783 0
784 1
785 0
786 0
787 0
788 1
789 0
790 0
791 0
792 1
793 0
794 0
795 0
796 1
797 0
798 0
799 0
800 1
801 0
802 0
803 0
804 1
805 0
806 0
807 0
808 1
809 0
810 0
811 0
812 1
813 0
814 0
815 0
816 1
817 0
818 0
819 0
820 1
821 0
822 0
823 0
824 1
825 0
826 0
827 0
828 1
829 0
830 0
831 0
832 1
833 0
834 0
835 0
836 1
837 0
838 0
839 0
840 1
841 0
842 0
843 0
844 1
845 0
846 0
847 0
848 1
849 0
850 0
851 0
852 1
853 0
854 0
855 0
856 1
857 0
858 0
859 0
860 1
861 0
862 0
863 0
864 1
865 0
866 0
867 0
868 1
869 0
870 0
871 0
872 1
873 0
874 0
875 0
876 1
877 0
878 0
879 0
880 1
881 0
882 0
883 0
884 1
885 0
886 0
887 0
888 1
889 0
890 0
891 0
892 1
893 0
894 0
895 0
896 1
897 0
898 0
899 0
900 1
901 0
902 0
903 0
904 1
905 0
906 0
907 0
908 1
909 0
910 0
911 0
912 1
913 0
914 0
915 0
916 0
917 0
918 0
919 0
920 0
921 0
922 0
923 0
924 0
925 0
926 0
927 0
928 0
929 0
930 0
931 0
932 0
933 0
934 0
935 0
936 0
937 0
938 0
939 0
940 0
941 0
942 0
943 0
944 0
945 0
946 0
947 0
948 0
949 0
950 0
951 0
952 0
953 0
954 0
955 0
956 0
957 0
958 0
959 0
960 0
961 0
962 0
963 0
964 0
965 0
966 0
967 0
968 0
969 0
970 0
971 0
972 0
973 0
974 0
975 0
976 0
977 0
978 0
979 0
980 0
981 0
982 0
983 0
984 0
985 0
986 0
987 0
988 0
989 0
990 0
991 0
992 0
993 0
994 0
995 0
996 0
997 0
998 0
999 0
1000 0
1001 0
1002 0
1003 0
1004 0
1005 0
1006 0
1007 0
1008 0
1009 0
1010 0
1011 0
1012 0
1013 0
1014 0
1015 0
1016 0
1017 0
1018 0
1019 0
1020 0
1021 0
1022 0
1023 0
1024 0
1025 0
1026 0
1027 0
1028 0
1029 0
1030 0
1031 0
1032 0
1033 0
1034 0
1035 0
1036 0
1037 0
1038 0
1039 0
1040 0
1041 0
1042 0
1043 0
1044 0
1045 0
1046 0
1047 0
1048 0
1049 0
1050 0
1051 0
1052 0
1053 0
1054 0
1055 0
1056 0
1057 0
1058 0
1059 0
1060 0
1061 0
1062 0
1063 0
1064 0
1065 0
1066 0
1067 0
1068 0
1069 0
1070 0
1071 0
1072 0
1073 0
1074 0
1075 0
1076 0
1077 0
1078 0
1079 0
1080 0
1081 0
1082 0
1083 0
1084 0
1085 0
1086 0
1087 0
1088 0
1089 0
1090 0
1091 0
1092 0
1093 0
1094 0
1095 0
1096 0
1097 0
1098 0
1099 0
1100 0
1101 0
1102 0
1103 0
1104 0
1105 0
1106 0
1107 0
1108 0
1109 0
1110 0
1111 0
1112 0
1113 0
1114 0
1115 0
1116 0
1117 0
1118 0
1119 0
1120 0
1121 0
1122 0
1123 0
1124 0
1125 0
1126 0
1127 0
1128 0
1129 0
1130 0
1131 0
1132 0
1133 0
1134 0
1135 0
1136 0
1137 0
1138 0
1139 0
1140 0
1141 0
1142 0
1143 0
1144 0
1145 0
1146 0
1147 0
1148 0
1149 0
1150 0
1151 0
1152 0
