0.205929 1.2
0.212618 1.3
0.133369 1.4
0.120208 1.5
0.113132 1.6
0.107622 1.7
0.0219933 1.8
-nan 1.9
-nan 2
-nan 2.1
-nan 2.2
0.190252 1.2
0.163488 1.3
0.188785 1.4
0.164095 1.5
0.121328 1.6
0.0428475 1.7
0.0452243 1.8
-nan 1.9
-nan 2
-nan 2.1
-nan 2.2
0.216573 1.2
0.181473 1.3
0.171699 1.4
0.169136 1.5
0.10293 1.6
0.0374048 1.7
-nan 1.8
-nan 1.9
-nan 2
-nan 2.1
-nan 2.2
0.198306 1.2
0.162073 1.3
0.148332 1.4
0.11687 1.5
0.112183 1.6
0.0685826 1.7
-nan 1.8
-nan 1.9
-nan 2
-nan 2.1
-nan 2.2
0.210084 1.2
0.17574 1.3
0.137486 1.4
0.11682 1.5
0.088654 1.6
0.0767342 1.7
-nan 1.8
-nan 1.9
-nan 2
-nan 2.1
-nan 2.2
0.199095 1.2
0.183995 1.3
0.172704 1.4
0.130676 1.5
0.122343 1.6
0.0483948 1.7
-nan 1.8
-nan 1.9
-nan 2
-nan 2.1
-nan 2.2
0.205795 1.2
0.185163 1.3
0.183918 1.4
0.15406 1.5
0.0925047 1.6
0.0504117 1.7
-nan 1.8
-nan 1.9
-nan 2
-nan 2.1
-nan 2.2
0.206977 1.2
0.161417 1.3
0.164419 1.4
0.123334 1.5
0.129236 1.6
0.0763562 1.7
-nan 1.8
-nan 1.9
-nan 2
-nan 2.1
-nan 2.2
0.211332 1.2
0.19026 1.3
0.133344 1.4
0.114918 1.5
0.099698 1.6
0.0579547 1.7
-nan 1.8
-nan 1.9
-nan 2
-nan 2.1
-nan 2.2
0.196775 1.2
0.178637 1.3
0.185816 1.4
0.119998 1.5
0.100253 1.6
0.0659946 1.7
0.0193458 1.8
-nan 1.9
-nan 2
-nan 2.1
-nan 2.2
0.212417 1.2
0.19462 1.3
0.17919 1.4
0.159532 1.5
0.0969462 1.6
0.0230772 1.7
-nan 1.8
-nan 1.9
-nan 2
-nan 2.1
-nan 2.2
0.201645 1.2
0.180743 1.3
0.161349 1.4
0.13653 1.5
0.118514 1.6
0.0728892 1.7
0.0401447 1.8
-nan 1.9
-nan 2
-nan 2.1
-nan 2.2
0.208069 1.2
0.171101 1.3
0.130783 1.4
0.122297 1.5
0.108182 1.6
0.0996115 1.7
-nan 1.8
-nan 1.9
-nan 2
-nan 2.1
-nan 2.2
0.194813 1.2
0.151697 1.3
0.16854 1.4
0.146901 1.5
0.106568 1.6
0.0526952 1.7
0.0339752 1.8
-nan 1.9
-nan 2
-nan 2.1
-nan 2.2
0.196732 1.2
0.218106 1.3
0.178527 1.4
0.166408 1.5
0.111498 1.6
0.0560371 1.7
-nan 1.8
-nan 1.9
-nan 2
-nan 2.1
-nan 2.2
0.190256 1.2
0.161971 1.3
0.155798 1.4
0.135845 1.5
0.140479 1.6
0.0712177 1.7
-nan 1.8
-nan 1.9
-nan 2
-nan 2.1
-nan 2.2
0.207629 1.2
0.198407 1.3
0.132645 1.4
0.117029 1.5
0.0985602 1.6
0.0852738 1.7
-nan 1.8
-nan 1.9
-nan 2
-nan 2.1
-nan 2.2
0.206777 1.2
0.182621 1.3
0.171182 1.4
0.149149 1.5
0.101895 1.6
0.0352893 1.7
0.0442353 1.8
-nan 1.9
-nan 2
-nan 2.1
-nan 2.2
0.194606 1.2
0.187286 1.3
0.197626 1.4
0.175241 1.5
0.103091 1.6
-nan 1.7
-nan 1.8
-nan 1.9
-nan 2
-nan 2.1
-nan 2.2
0.204687 1.2
0.185636 1.3
0.159221 1.4
0.129777 1.5
0.118403 1.6
0.0815482 1.7
-nan 1.8
-nan 1.9
-nan 2
-nan 2.1
-nan 2.2
0.207653 1.2
0.183539 1.3
0.128679 1.4
0.119719 1.5
0.0907024 1.6
0.0818335 1.7
-nan 1.8
-nan 1.9
-nan 2
-nan 2.1
-nan 2.2
0.200509 1.2
0.169164 1.3
0.158916 1.4
0.141905 1.5
0.100923 1.6
0.0459015 1.7
0.0366826 1.8
-nan 1.9
-nan 2
-nan 2.1
-nan 2.2
0.204117 1.2
0.192075 1.3
0.175902 1.4
0.160193 1.5
0.101671 1.6
0.0659629 1.7
-nan 1.8
-nan 1.9
-nan 2
-nan 2.1
-nan 2.2
0.194194 1.2
0.169577 1.3
0.154986 1.4
0.133542 1.5
0.125361 1.6
0.0739854 1.7
-nan 1.8
-nan 1.9
-nan 2
-nan 2.1
-nan 2.2
0.215627 1.2
0.197433 1.3
0.135955 1.4
0.12496 1.5
0.0943526 1.6
0.0817236 1.7
-nan 1.8
-nan 1.9
-nan 2
-nan 2.1
-nan 2.2
0.18705 1.2
0.165096 1.3
0.185772 1.4
0.141732 1.5
0.116701 1.6
0.0660885 1.7
-nan 1.8
-nan 1.9
-nan 2
-nan 2.1
-nan 2.2
0.196844 1.2
0.19993 1.3
0.159509 1.4
0.160424 1.5
0.0942738 1.6
0.0696521 1.7
-nan 1.8
-nan 1.9
-nan 2
-nan 2.1
-nan 2.2
0.194935 1.2
0.175827 1.3
0.182902 1.4
0.608295 1.5
0.532796 1.6
0.408476 1.7
0.35098 1.8
0.295666 1.9
0.25508 2
0.215984 2.1
0.193159 2.2
1.01681 1.2
0.878761 1.3
0.75028 1.4
0.627404 1.5
0.52521 1.6
0.426221 1.7
0.350667 1.8
0.308816 1.9
0.259985 2
0.223206 2.1
0.195128 2.2
1.11806 1.2
0.878538 1.3
0.709413 1.4
0.58882 1.5
0.512473 1.6
0.433192 1.7
0.348292 1.8
0.294805 1.9
0.258168 2
0.216972 2.1
0.194778 2.2
1.03377 1.2
0.875143 1.3
0.747076 1.4
0.610665 1.5
0.509336 1.6
0.439029 1.7
0.359677 1.8
0.294402 1.9
0.259496 2
0.214319 2.1
0.195228 2.2
1.01606 1.2
0.866615 1.3
0.731522 1.4
0.626292 1.5
0.488429 1.6
0.43241 1.7
0.344282 1.8
0.300174 1.9
0.256408 2
0.222268 2.1
0.195291 2.2
1.07567 1.2
0.883063 1.3
0.726474 1.4
0.630139 1.5
0.529705 1.6
0.421463 1.7
0.351679 1.8
0.296381 1.9
0.254684 2
0.224945 2.1
0.19104 2.2
1.05498 1.2
0.916359 1.3
0.772795 1.4
0.609561 1.5
0.523109 1.6
0.43347 1.7
0.350251 1.8
0.295233 1.9
0.256337 2
0.224276 2.1
0.191518 2.2
1.10768 1.2
0.885456 1.3
0.719915 1.4
0.622457 1.5
0.531875 1.6
0.405064 1.7
0.362382 1.8
0.291105 1.9
0.24922 2
0.220359 2.1
0.194607 2.2
1.00944 1.2
0.880799 1.3
0.705348 1.4
0.6274 1.5
0.501064 1.6
0.420392 1.7
0.361118 1.8
0.304127 1.9
0.252072 2
0.213075 2.1
0.192506 2.2
1.07791 1.2
0.902275 1.3
0.793363 1.4
0.608197 1.5
0.538919 1.6
0.428281 1.7
0.359863 1.8
0.294645 1.9
0.25317 2
0.219206 2.1
0.194188 2.2
1.09198 1.2
0.90172 1.3
0.746052 1.4
0.629886 1.5
0.522948 1.6
0.425308 1.7
0.359059 1.8
0.295706 1.9
0.249091 2
0.219571 2.1
0.184872 2.2
0.95599 1.2
0.864478 1.3
0.732272 1.4
0.63467 1.5
0.522168 1.6
0.429626 1.7
0.37286 1.8
0.299237 1.9
0.255601 2
0.225027 2.1
0.195496 2.2
1.03571 1.2
0.867336 1.3
0.743118 1.4
0.636461 1.5
0.514241 1.6
0.422962 1.7
0.349311 1.8
0.289691 1.9
0.259286 2
0.220051 2.1
0.195762 2.2
1.06018 1.2
0.878884 1.3
0.72141 1.4
0.60172 1.5
0.47438 1.6
0.42342 1.7
0.347751 1.8
0.299539 1.9
0.247618 2
0.225056 2.1
0.201439 2.2
1.11522 1.2
0.88125 1.3
0.736662 1.4
0.601337 1.5
0.505079 1.6
0.439099 1.7
0.355161 1.8
0.297453 1.9
0.251472 2
0.217231 2.1
0.191453 2.2
1.10731 1.2
0.887734 1.3
0.754032 1.4
0.632486 1.5
0.51641 1.6
0.417563 1.7
0.354649 1.8
0.301331 1.9
0.253065 2
0.223564 2.1
0.192028 2.2
1.10508 1.2
0.905718 1.3
0.75259 1.4
0.632059 1.5
0.503072 1.6
0.421633 1.7
0.348445 1.8
0.302862 1.9
0.265726 2
0.222201 2.1
0.193686 2.2
1.10338 1.2
0.906595 1.3
0.759412 1.4
0.621285 1.5
0.497782 1.6
0.440392 1.7
0.359101 1.8
0.301784 1.9
0.263246 2
0.222228 2.1
0.194359 2.2
1.11743 1.2
0.886611 1.3
0.788294 1.4
0.613237 1.5
0.521721 1.6
0.433075 1.7
0.358905 1.8
0.309402 1.9
0.256325 2
0.218674 2.1
0.192128 2.2
1.09385 1.2
0.88899 1.3
0.755167 1.4
0.616966 1.5
0.501354 1.6
0.424904 1.7
0.362072 1.8
0.299591 1.9
0.258471 2
0.221804 2.1
0.192697 2.2
1.11524 1.2
0.956639 1.3
0.768312 1.4
0.598342 1.5
0.524176 1.6
0.42891 1.7
0.359171 1.8
0.303107 1.9
0.26135 2
0.214829 2.1
0.198976 2.2
1.06045 1.2
0.913109 1.3
0.747879 1.4
0.619127 1.5
0.481381 1.6
0.420915 1.7
0.359985 1.8
0.302573 1.9
0.251993 2
0.222226 2.1
0.190043 2.2
1.0463 1.2
0.875345 1.3
0.711501 1.4
0.594905 1.5
0.525665 1.6
0.425049 1.7
0.345929 1.8
0.294632 1.9
0.251777 2
0.217532 2.1
0.190267 2.2
1.03422 1.2
0.859407 1.3
0.76036 1.4
0.650771 1.5
0.513154 1.6
0.433453 1.7
0.363183 1.8
0.307469 1.9
0.252234 2
0.218432 2.1
0.19464 2.2
1.05835 1.2
0.865357 1.3
0.744095 1.4
0.639523 1.5
0.510661 1.6
0.446792 1.7
0.358437 1.8
0.304195 1.9
0.256346 2
0.216719 2.1
0.194638 2.2
1.00291 1.2
0.899278 1.3
0.75104 1.4
0.637228 1.5
0.51644 1.6
0.430731 1.7
0.369059 1.8
0.304894 1.9
0.255119 2
0.217599 2.1
0.193711 2.2
1.03748 1.2
0.909137 1.3
0.691001 1.4
0.606446 1.5
0.496254 1.6
0.423237 1.7
0.358725 1.8
0.305993 1.9
0.252607 2
0.220578 2.1
0.193044 2.2
1.14973 1.2
0.873334 1.3
0.723747 1.4
0.61061 1.5
0.514599 1.6
0.439566 1.7
0.347134 1.8
0.301229 1.9
0.258755 2
0.221701 2.1
0.191571 2.2
1.1284 1.2
0.866113 1.3
0.756526 1.4
0.638319 1.5
0.513162 1.6
0.426105 1.7
0.354417 1.8
0.291915 1.9
0.247744 2
0.21582 2.1
0.191618 2.2
1.04471 1.2
0.925679 1.3
0.739351 1.4
0.619226 1.5
0.487278 1.6
0.42577 1.7
0.370214 1.8
0.28799 1.9
0.259503 2
0.225911 2.1
0.189629 2.2
1.05418 1.2
0.910351 1.3
0.742417 1.4
0.653026 1.5
0.517537 1.6
0.44148 1.7
0.366996 1.8
0.295488 1.9
0.24664 2
0.218235 2.1
0.191704 2.2
1.01547 1.2
0.847014 1.3
0.757016 1.4
0.658042 1.5
0.523731 1.6
0.421306 1.7
0.356113 1.8
0.302687 1.9
0.252318 2
0.217362 2.1
0.193031 2.2
1.04558 1.2
0.920094 1.3
0.730868 1.4
0.64076 1.5
0.510363 1.6
0.415901 1.7
0.346376 1.8
0.307438 1.9
0.251527 2
0.221758 2.1
0.191291 2.2
