-128 0
-127 0
-126 0
-125 0
-124 0
-123 0
-122 0
-121 0
-120 0
-119 0
-118 0
-117 0
-116 0
-115 0
-114 0
-113 0
-112 0
-111 0
-110 0
-109 0
-108 0
-107 0
-106 0
-105 0
-104 0
-103 0
-102 1
-101 0
-100 0
-99 0
-98 1
-97 0
-96 0
-95 0
-94 1
-93 0
-92 0
-91 0
-90 1
-89 0
-88 0
-87 0
-86 1
-85 0
-84 0
-83 0
-82 1
-81 0
-80 0
-79 0
-78 1
-77 0
-76 0
-75 0
-74 1
-73 0
-72 0
-71 0
-70 1
-69 0
-68 0
-67 0
-66 1
-65 0
-64 0
-63 0
-62 1
-61 0
-60 0
-59 0
-58 1
-57 0
-56 0
-55 0
-54 1
-53 0
-52 0
-51 0
-50 1
-49 0
-48 0
-47 0
-46 1
-45 0
-44 0
-43 0
-42 1
-41 0
-40 0
-39 0
-38 1
-37 0
-36 0
-35 0
-34 1
-33 0
-32 0
-31 0
-30 1
-29 0
-28 0
-27 0
-26 1
-25 0
-24 0
-23 0
-22 1
-21 0
-20 0
-19 0
-18 1
-17 0
-16 0
-15 0
-14 1
-13 0
-12 0
-11 0
-10 1
-9 0
-8 0
-7 0
-6 1
-5 0
-4 0
-3 0
-2 1
-1 0
0 0
1 0
2 1
3 0
4 0
5 0
6 1
7 0
8 0
9 0
10 1
11 0
12 0
13 0
14 1
15 0
16 0
17 0
18 1
19 0
20 0
21 0
22 1
23 0
24 0
25 0
26 1
27 0
28 0
29 0
30 1
31 0
32 0
33 0
34 1
35 0
36 0
37 0
38 1
39 0
40 0
41 0
42 1
43 0
44 0
45 0
46 1
47 0
48 0
49 0
50 1
51 0
52 0
53 0
54 1
55 0
56 0
57 0
58 1
59 0
60 0
61 0
62 1
63 0
64 0
65 0
66 1
67 0
68 0
69 0
70 1
71 0
72 0
73 0
74 1
75 0
76 0
77 0
78 1
79 0
80 0
81 0
82 1
83 0
84 0
85 0
86 1
87 0
88 0
89 0
90 1
91 0
92 0
93 0
94 1
95 0
96 0
97 0
98 1
99 0
100 0
101 0
102 1
103 0
104 0
105 0
106 0
107 0
108 0
109 0
110 0
111 0
112 0
113 0
114 0
115 0
116 0
117 0
118 0
119 0
120 0
121 0
122 0
123 0
124 0
125 0
126 0
127 0
128 0
